-1 770
0 2556
10 3
11 2
12 1
13 5
14 1
15 7
16 7224
17 324
18 11582
19 1
20 1
21 2
22 1
23 6
24 2
25 3
26 1
27 1
28 2
29 1
30 1
31 7
32 4
33 161
34 9
35 1
36 3
37 34
38 2
39 1
40 4
41 1
42 1
43 1
44 1
45 1
46 1
47 58
48 2
49 2
50 1
51 1
52 11
53 2
54 16
55 1
56 1
57 1
58 2
59 5
60 2
61 2
62 45
63 11
64 18
65 4
66 1
67 36
68 1
69 5
70 1
71 1
72 7
73 13
74 2
75 2
76 4
77 1
78 1
79 1
80 6576
81 1
82 1
83 3
84 1
85 1
86 2
87 40
88 2
89 1
90 1
91 17
92 1
93 21
94 4
95 1
96 2
97 1
98 1
99 19
100 70
101 5
102 1
103 83
104 1
105 2
106 35
107 3
108 1
109 1
110 16
111 2
112 1
113 2
114 2
115 3
116 12
117 1
118 1
119 2
120 1
121 1
122 25
123 88
124 2
125 1
126 4
127 2
128 2
129 1
130 1
131 7
132 1
133 10
134 6
135 1
136 1
137 1
138 1
139 1
140 1
141 1
142 1
143 389
144 2
145 20
146 3
147 3
148 5
149 18
150 1
151 3
152 1
153 137
154 11
155 1
156 1
157 1
158 15
159 29
160 1
161 1
162 1
163 1
164 17
165 1
166 2
167 5
168 29
169 2
170 11
171 4
172 2
173 6
174 1
175 1
176 3
177 1
178 2
179 1
180 8
181 2
182 1
183 16
184 4
185 1
186 371
187 25
188 1
189 113
190 9
191 30
192 2
193 1
194 1
195 2
196 1
197 4
198 1
199 2
200 15
201 3
202 1
203 1
204 1
205 13
206 1
207 2
208 1
209 3
210 1
211 1
212 1
213 1
214 3345
215 4196
216 2
217 8
218 16
219 1
220 2
221 2
222 5
223 22
224 4
225 1
226 2
227 1
228 76
229 2
230 53
231 28
232 1
233 1
234 13
235 25
236 1
237 5
238 101
239 9
240 1
241 3
242 1
243 8
244 36
245 22
246 3
247 1
248 90
249 1
250 1
251 1
252 1
253 8
254 4
255 2
256 6
257 16
258 1
259 5
260 1
261 30
262 1
263 1
264 1
265 3
266 8
267 1
268 1
269 2
270 1
271 3
272 10
273 9
274 1
275 4
276 2
277 1
278 1
279 1
280 3
281 5
282 7
283 52
284 88
285 16
286 33
287 34
288 1
289 1082
290 34
291 1
292 6
293 5
294 845
295 10
296 1
297 432
298 1
299 16
300 8
301 9
302 5415
303 2
304 4
305 1
306 6
307 3
309 2
310 10
311 3
312 2
313 1
314 2
315 1
316 13
317 1
318 157
319 10
320 23
321 2
322 3
323 1
324 15
325 1
326 1
327 1
328 1
329 4
330 1
331 1
332 1
333 25
334 7
335 17
336 1
337 5
338 5
339 1
340 1
341 1
342 1
343 2
344 3
345 36
346 1
347 1
348 7
349 22
350 17
351 3
352 7
353 1
354 1
355 5
356 2
357 3
358 2
359 25
360 1
361 1
362 4
363 3
364 2
365 2
366 5
367 1
368 1
369 112
370 10
371 2
372 9
373 3
374 21
375 23
376 1
377 4
378 2
379 3
380 3
381 2
382 1
383 1
384 24
385 4
386 1
387 7
388 2
389 3
390 1
391 2
392 18
393 2
394 1
395 2
396 6
397 1
398 131
399 2
400 1
401 2
402 2
403 1
404 1
405 1
406 1
407 1
408 1
409 1
410 3
411 2
412 10
413 4
414 143
415 1
416 11
417 2
418 1
419 1
420 1
421 3
422 2
423 4
424 1
425 1
426 5
427 14
428 1
429 2
430 41
431 10
432 195
433 1
434 1
435 1
436 1
437 1
438 14
439 86
440 28
441 7
442 2
443 150
444 4
445 305
446 4
447 61
448 3
449 747
450 13
451 5
452 8
453 1
454 2
455 1
456 2
457 10
458 1
459 1
460 1
461 13
462 1
463 1
464 2
465 1
466 1
467 1
468 2
469 1
470 1
471 1
472 5
473 1
474 1
475 2
476 1
477 1
478 1
479 1
480 1
481 3
482 1
483 2
484 1
485 1
486 1
487 2
488 1
489 1
490 2
491 3
492 2
493 1051
494 3
495 121
496 5
497 5
498 1
499 5
500 48
501 7
502 2
503 10
504 2
505 4
506 9
507 23
508 1
509 4
510 3
511 23
512 6
513 14
514 1
515 4
516 1
517 1
518 1
519 20
520 3
521 2
522 2
523 1
524 1
525 7
526 14
527 1
528 5
529 2
530 6
531 2
532 12
533 2
534 794
535 3
536 1
537 8
538 3
539 101
540 30
541 6
542 16
543 52
544 5
545 1
546 1
547 4
548 16
549 45
550 8
551 4
552 11
553 15
554 276
555 82
556 113
557 1
558 16
559 174
560 13
561 6
562 2
563 5
564 1
565 1
566 2
567 63
568 2
569 2
570 1
571 40
572 2
573 2
574 2
575 2
576 2
577 3
578 1
579 2
580 2
581 3
582 175
583 6
584 1
585 1
586 32
587 3
588 3
589 1
590 5
591 1
592 1
593 4
594 1
595 4
596 1
597 85
598 1
599 8
600 2
601 1
602 1
603 1
604 1
605 3
606 8
607 1
608 1
609 1
610 1
611 17
612 13
613 6
614 9
615 2
616 16
617 1
618 1
619 1
620 1
621 64
622 2
623 2
624 1
625 5
626 2
627 3
628 1
629 1
630 61
631 1
632 10
633 6
634 15
635 7
636 21
637 680
638 5
639 9
640 2
641 106
642 3
643 301
644 38
645 75
646 43
647 2
648 1
649 1
650 45
651 2
652 1
653 1
655 1
656 1
657 2
658 1
659 2
660 5918
661 44
662 42
663 3
664 1
665 7
666 3
667 160
668 98
669 1
670 7
671 2
672 31
673 8
674 3
675 6
676 3
677 32
678 394
679 20
680 13
681 4
682 6
683 80
684 9
685 163
686 37
687 12
688 270
689 186
690 1
691 63
692 43
693 4
694 10
695 639
696 2
697 63
698 39
699 25
700 125
701 1
702 1
703 15
704 31
705 4
706 1
707 2
708 1
709 20
710 5
711 1
712 8
713 18
714 468
715 60
716 111
717 264
718 3
719 1
720 41
721 404
722 876
723 1
724 1
725 1
726 62
727 4
728 2
729 2
730 5
731 2
732 2
733 294
734 7
735 5
736 8
737 1
738 1
739 30
740 1360
741 5
742 212
743 2
744 1
745 5
746 1
747 3
748 2
749 1
750 1
751 3
752 1
753 1910
754 1
755 1
756 7
757 119
758 1
759 26
760 71
761 1
762 1
763 784
764 2
765 66
766 1
767 2
768 4
769 2
770 1
771 8
772 3
773 13
774 1
775 571
776 1
777 1
778 1
779 3
780 17
781 39
782 3
783 1
784 1
785 1
786 4
787 2
788 1
789 24
790 2
791 37
792 4
793 1
794 1069
795 1
796 3
797 1
798 1
799 2
800 2
801 4
802 1
803 1
804 1
805 1
806 19
807 2
808 1
809 4
810 1
811 1
812 1
813 1
814 1
815 1
816 1
817 2
818 23
819 10
820 2
821 1
822 4
823 3
824 52
825 1
826 28
827 1
828 1
829 1
830 1
831 1
832 10
833 2
834 2
835 2
836 2
837 1
839 4
840 2
841 1
842 1
843 50
844 4
845 49
846 1
847 2
848 1
849 2
850 9
851 5
852 34
853 4
855 1
856 3
857 1
858 4
859 1
860 1
861 2
862 1
863 1
864 1
865 1
866 1
867 1
868 3
869 13
870 31
871 4
872 16
873 1
874 1
875 937
876 1
877 1
878 2
879 1
880 13
881 3
882 4
883 1
884 1
885 4
886 2
887 1
888 1
889 1
890 2
891 9
893 28
894 25
895 15
896 3
897 2
898 4
899 3
900 5
902 4
903 4
904 1
905 6
906 24
907 39
908 3
909 1
910 3490
911 2
912 1
913 1
914 3
915 1
916 13
917 18
918 1
919 1
920 1
921 2
922 4
923 1
924 21
925 9
926 7
927 1
928 15
930 1
931 10
932 1
933 1
934 146
935 3
936 1
937 5
938 4
939 9
940 7
941 1
942 3
943 4
944 1
945 2
946 2
947 18
948 37
949 9
950 12
951 1
952 2073
953 68
954 3
955 1
956 2
957 2
958 5
959 1
960 9
961 1
962 1
963 132
964 71
965 2
966 1
967 12
968 6
969 3
970 2
971 16
972 5
973 1
974 13
975 2
976 24
977 4
978 1
979 9
980 1
981 1
982 1
983 2
984 3
985 1
986 24
987 9
988 1
989 3
990 3
991 2
992 34
993 8
994 7
995 1
996 1
997 43
998 95
999 3
1000 4
1001 2
1002 3
1003 1
1004 1
1005 2
1006 2
1007 1
1008 7
1009 11
1010 2
1011 1
1012 1
1013 16
1014 1
1015 1
1016 1
1017 11
1018 2
1020 1
1021 1
1022 2
1023 1
1024 22
1025 10
1026 3
1027 3
1028 3
1029 1
1030 4
1031 5
1032 14
1033 13
1034 1
1035 1
1036 1
1037 5
1038 36
1039 20
1040 23
1041 1
1043 1
1044 1
1045 2764
1046 3
1047 2
1048 1
1049 1
1050 26
1051 2
1052 1
1053 1
1054 3506
1055 1568
1056 12
1057 1
1058 1
1059 20
1060 10
1061 1
1062 9
1063 1
1064 535
1065 11
1066 5
1067 1
1068 1
1069 7
1070 25
1071 1
1072 15
1073 7
1075 1
1077 2
1078 2
1079 3
1080 2
1081 1
1082 1
1083 2
1084 1
1085 5
1086 4
1087 1
1088 2
1089 3
1090 10
1091 1
1092 2
1093 1
1094 1
1095 12
1096 4
1097 1
1098 3
1099 8
1100 1
1101 1
1102 5
1103 1
1104 7
1105 167
1106 7
1107 4
1108 15
1109 1
1110 1
1111 7
1112 24
1113 13
1114 2
1115 8
1116 11
1117 2
1118 4
1119 3
1120 2
1121 1
1122 11
1123 1
1124 21
1125 57
1126 4
1127 2
1128 1
1129 1
1130 10
1131 2
1132 2
1133 1
1134 1
1135 66
1136 1
1137 3
1138 1
1139 6
1140 2
1141 1
1142 1
1143 1
1144 5
1145 1
1146 1
1147 8
1148 1
1149 1
1150 13
1151 1
1152 3
1153 10
1154 1
1155 3
1156 2
1157 2
1158 15
1159 3
1160 1
1161 1
1162 1
1163 2
1164 4
1166 18
1167 1
1168 1
1169 1
1170 1
1171 1
1172 1
1173 2
1174 2
1175 1
1176 1
1177 1
1178 1
1179 5
1180 9
1181 3
1182 1
1183 8
1184 1
1185 2
1186 1
1187 3
1188 1
1189 4
1190 1
1191 1
1192 1
1193 1
1194 13
1195 1
1196 16
1197 12
1198 39
1199 8
1200 10
1201 7
1202 2
1203 2303
1204 55
1205 29
1206 2
1207 1
1208 5
1209 1
1210 13419
1211 275
1212 6783
1213 3
1214 1
1215 6
1216 3
1217 1
1218 30
1219 5
1220 2
1221 1
1222 14
1223 1
1224 1
1225 2
1226 1
1227 6
1228 1
1229 1
1230 8
1231 1
1232 7
1233 12
1234 2
1235 1
1236 2
1237 1
1238 1
1239 38
1240 2
1241 1
1242 12
1243 2
1244 2
1245 4
1246 1
1247 3
1248 1
1249 5
1250 3
1251 1
1252 1
1253 1
1254 3
1255 1
1256 4
1257 1
1258 9
1259 1
1260 1
1261 5
1262 1
1263 6
1264 1
1265 1
1266 3
1267 15
1268 1
1269 1
1270 1
1271 1
1272 1
1273 2
1274 1
1275 1
1276 1
1277 6
1278 51
1279 1
1280 3
1281 7
1282 2
1283 2
1284 1
1285 5
1286 1
1287 1
1288 108
1289 34
1290 14
1291 4
1292 1
1293 1
1294 1
1295 18
1296 4
1297 1
1298 34
1299 2
1300 1
1301 25
1302 56
1303 6
1304 1063
1305 1
1306 63
1307 2
1308 1
1309 2
1310 245
1311 7
1312 1
1313 6
1314 1
1315 1
1316 158
1317 14
1318 6
1319 1
1320 1
1321 3
1322 3
1323 4
1324 2
1325 1
1326 2
1327 2
1328 6
1329 5
1330 1
1331 17
1332 1
1333 1
1334 1
1335 1
1336 1
1337 1
1338 4
1339 1
1340 2581
1341 13
1342 63
1343 2
1344 32
1345 1
1346 33
1347 10
1348 12
1349 2
1350 1
1351 4
1352 146
1353 22
1354 58
1355 13
1356 2
1357 2
1358 5
1359 7
1360 1833
1361 1
1362 1
1363 240
1364 2
1365 33
1366 4
1367 3
1368 1
1369 177
1370 57
1371 1
1372 4
1373 4
1374 48
1375 3
1376 1
1377 2
1378 4
1379 19
1380 7
1381 4
1382 10
1383 1
1384 15
1385 9
1386 24
1387 10
1388 17
1389 2
1390 1
1391 3
1392 1
1393 2
1394 2
1395 1
1396 1
1397 1
1398 1
1399 196
1400 1
1401 1
1402 1
1403 1
1404 92
1405 1
1406 1
1407 341
1408 36
1409 4
1410 3
1411 2
1412 3
1413 8
1414 1
1415 1
1416 3
1417 1
1418 1
1419 2
1420 9
1421 9
1422 1
1423 4
1425 4
1426 12
1427 62
1428 17
1429 1
1430 5
1431 1
1432 9
1433 26
1434 1
1435 4
1436 1
1437 3
1438 20
1439 9
1440 1
1441 29
1442 15
1443 38
1444 62
1445 1
1446 1
1447 2
1448 2
1449 1
1450 90
1451 28
1452 1
1453 95
1454 4
1455 1
1456 2
1457 22
1458 2
1459 3
1460 1
1461 1
1462 1
1463 1
1464 2
1465 20
1466 1
1467 22
1468 71
1469 1
1471 15
1472 19
1473 3
1474 7
1475 23
1476 49
1477 1
1478 1
1479 5
1480 1
1481 32
1482 4
1483 5
1484 28
1485 1
1486 1
1487 1
1488 2
1489 1
1490 8
1491 1
1492 13
1493 138
1494 6
1495 1
1496 2
1497 33
1498 1
1499 2
1500 2
1501 1
1502 1
1503 3
1504 38
1505 3
1506 87
1507 1
1508 7
1509 6
1510 1
1511 183
1512 23
1513 34
1514 16
1515 14
1516 2
1517 3
1518 5
1519 2
1520 45
1521 12
1523 1
1524 1
1525 1
1526 10
1527 3
1528 1
1529 7
1530 9
1531 3
1532 6
1533 1
1534 6
1535 1
1536 11
1537 8
1538 30
1539 6
1540 1
1541 20
1542 3
1544 67
1545 6
1546 8
1547 47
1548 10
1549 1
1550 34
1551 7
1552 1
1554 1
1555 75
1556 1
1557 4
1558 1
1559 1
1560 1
1561 1
1562 3
1563 2
1564 1
1565 3
1566 1
1567 2
1568 1
1569 3
1570 263
1571 2
1572 2
1573 17
1574 1
1575 6
1576 5
1577 6
1578 14
1579 2
1580 11
1581 1
1582 4
1583 3
1584 3
1585 1
1586 4
1587 1
1588 21
1589 1
1590 1
1591 17
1592 3
1593 1
1594 28
1595 15
1596 3
1597 31
1598 7
1599 2
1600 1
1601 1
1602 3
1603 1
1604 2
1605 311
1606 94
1607 2
1608 2
1609 1
1610 1
1611 1
1612 1
1613 2
1614 23
1615 1
1616 1
1617 7
1618 1
1619 1
1620 16
1621 18
1622 11
1623 1
1624 2
1625 4
1626 766
1627 4
1628 126
1629 108
1630 81
1631 25
1632 86
1633 16
1634 73
1635 32
1636 39
1637 30
1638 16
1639 1
1640 2
1641 2
1642 1
1643 2
1644 1
1645 81
1646 24
1647 39
1648 27
1649 2
1650 1
1651 1
1652 2
1653 9
1654 36
1655 1
1656 1
1657 1
1658 1
1659 1
1660 1
1661 6
1662 28
1663 1
1664 31
1665 1
1666 8
1667 9
1668 7
1669 7
1670 1
1671 8
1672 2
1673 5
1674 31
1675 10
1676 46
1677 3
1678 9
1679 1
1680 13
1681 59
1682 1
1683 89
1684 1
1685 4
1686 7
1687 21
1688 65
1689 29
1690 41
1691 212
1692 1
1693 23
1694 192
1695 61
1696 19
1697 1
1698 1
1699 5
1700 1
1701 2
1702 22
1703 3
1704 1
1705 3
1706 1
1707 8
1708 6
1709 8
1710 4
1711 1
1712 2
1713 3
1714 2
1715 1
1716 2
1717 3
1718 1
1719 1
1720 2
1721 36
1722 5
1723 3
1724 1
1725 1
1726 4
1727 3
1728 22
1729 2
1730 3
1731 4
1732 2
1733 2
1734 1
1735 6
1736 7
1737 2
1738 1
1739 5
1740 3
1741 1
1742 1
1743 1
1744 24
1745 1
1746 2
1747 2
1748 4
1749 73
1750 37
1751 3
1752 2
1753 1
1754 1
1755 3
1756 16
1757 12
1758 1
1759 2
1760 1
1761 1
1762 21
1763 1
1764 6
1765 2
1766 342
1767 1
1768 2
1769 2
1770 1
1771 1
1772 1
1773 1
1774 3
1775 1
1776 2
1777 64
1778 11
1779 1
1780 1
1781 1
1782 10
1783 14
1784 1
1785 1
1786 1381
1787 2
1788 1
1789 1
1790 2
1791 36
1792 4
1793 2
1794 14
1795 1
1796 689
1797 1
1798 1
1799 1
1800 1
1801 3
1802 55
1803 175
1804 9
1805 1
1806 1
1807 1
1808 7
1809 26
1810 1
1811 1
1812 6
1813 16
1814 1
1815 1
1816 29
1817 4
1818 16
1819 2
1820 12
1821 44
1822 1
1823 2
1824 1
1825 24
1826 1
1827 1
1828 1
1829 20
1830 2
1831 1
1832 1
1833 2
1834 8
1835 1
1836 1
1837 6
1838 1
1839 9
1840 1
1841 32
1842 1
1844 2
1845 1
1846 40
1847 1
1848 2
1849 3
1850 5
1851 2
1852 10
1853 6
1854 2
1855 5
1856 2
1857 1
1858 1
1859 7
1860 2
1861 2
1862 14
1863 22
1864 1
1865 194
1866 16
1867 1
1868 1
1869 1
1870 1
1871 73
1872 1
1873 1
1874 1
1875 6
1876 4
1877 147
1878 1
1879 1
1880 1
1881 57
1882 1
1883 6
1884 23
1885 3
1886 3
1887 8
1888 1
1889 1
1890 142
1891 40
1892 16
1893 7
1894 4
1895 3
1896 2
1897 2
1898 10
1899 2
1900 7
1901 6
1902 2
1903 1
1904 4
1905 26
1906 42
1907 21
1908 2
1909 11
1910 1
1911 1
1912 1
1913 2
1914 6
1915 1
1916 1
1917 1
1918 1
1919 12
1920 13
1921 7
1922 2
1923 12
1924 1
1925 1
1926 4
1927 1
1928 2
1929 1
1930 3
1931 2
1932 3
1933 2
1934 1
1935 1
1936 1
1937 6
1938 2
1939 2
1940 4
1941 1
1942 60
1943 1
1944 5
1945 1
1946 8
1947 1
1948 1
1949 2
1950 34
1951 1
1952 8
1953 78
1954 2
1955 2
1956 1
1957 8
1958 2
1959 2
1960 4
1961 1
1962 2
1963 3
1964 1
1965 1
1966 8
1967 4
1968 1
1969 27
1970 7
1971 1
1972 12
1973 4
1974 1
1975 7
1976 4
1977 1
1978 1
1979 4
1980 1
1981 2
1982 3
1983 1
1984 1
1985 4
1986 2
1987 1
1988 1
1989 2
1990 1
1991 2
1992 1
1993 1
1994 1
1995 2
1996 2
1997 3
1998 3
1999 3
2000 1
2001 1
2002 1
2003 2
2004 3
2005 3
2006 14
2007 1
2008 2
2009 29
2010 1
2011 8
2012 9
2013 2
2014 4
2015 36
2016 2
2017 9
2018 1
2019 1
2020 27
2021 4
2022 7
2023 4
2024 3
2025 2
2026 1
2027 2
2028 9
2029 7
2030 3
2031 2
2032 7
2033 3
2034 2
2035 1
2036 1
2037 1
2038 13
2039 2
2040 2
2041 11
2042 1
2043 2
2044 2
2045 1
2046 1
2047 2
2048 3
2049 1
2050 8
2051 3
2052 1
2053 28
2054 4
2055 7
2056 1
2057 330
2058 1
2059 2
2060 35
2061 6
2062 10
2063 2
2064 4
2065 17
2066 3
2067 5
2068 14
2069 21
2070 3
2071 1
2072 1
2073 1
2074 1
2075 4
2076 16
2077 4
2078 1
2079 1
2080 1
2081 4
2082 1
2083 2
2084 1
2085 1
2086 3
2087 1
2088 1
2089 3
2090 1
2091 1
2092 58
2093 2
2094 2
2095 3
2096 5
2097 1
2098 8
2099 3
2100 9
2101 2
2102 3
2103 11
2104 10
2105 1
2106 1
2107 1
2108 1
2109 1
2110 7
2111 1
2112 1
2113 2
2114 3
2115 8
2116 1
2117 32
2118 2
2119 57
2120 12
2121 8
2122 2
2123 5
2124 5
2125 1
2126 4
2127 8
2128 1
2129 3
2130 3
2131 4
2132 6
2133 2
2134 2
2135 373
2136 3
2137 2
2138 3
2139 1
2140 2
2141 1
2142 2
2143 1
2144 1
2145 1
2146 2
2147 90
2148 2
2149 21
2150 11
2151 2
2152 169
2153 2
2154 9
2155 8
2156 3
2157 6
2158 1
2159 1
2160 86
2161 7
2162 4
2163 8
2164 4
2165 109
2166 1
2167 1
2168 56
2169 5
2170 13
2171 3
2172 8
2173 3
2174 2
2175 33
2176 1
2177 6
2178 17
2179 2
2180 316
2181 11
2182 1
2183 76
2184 7
2185 6
2186 7
2187 21
2188 6
2189 1
2190 7
2191 1
2192 1
2193 2
2194 1
2195 5
2196 6
2197 2
2198 29
2199 3
2200 12
2201 9
2202 1
2203 6
2204 5
2205 3
2206 2
2207 1
2208 1
2209 1
2210 1
2211 2
2212 1
2213 1
2214 1
2215 1
2216 2
2217 1
2218 1
2219 1
2220 2
2221 4
2222 5
2223 1
2224 2
2225 2
2226 4
2227 5
2228 4
2229 1
2230 4
2231 1
2232 51
2233 2
2234 9
2235 6
2236 1
2237 9
2238 1
2239 1
2241 2
2242 4
2243 3
2244 1
2245 1
2246 3
2247 3
2248 1
2249 1
2250 6
2251 235
2252 8
2253 1
2254 1
2255 1
2256 1
2257 1
2258 3
2259 4
2260 25
2261 4
2262 1
2263 24
2264 12
2265 13
2266 2
2267 1
2268 1
2269 1
2270 38
2271 1
2272 1
2273 2
2274 1
2275 4
2276 6
2277 1
2278 6
2279 9601
2280 107
2281 3
2282 7
2283 1
2284 130
2285 1
2287 2
2288 1
2289 3
2290 1
2291 1
2292 2
2293 4
2294 7
2295 2
2296 6
2298 2586
2299 1
2300 7
2301 2
2302 7
2303 3
2304 6
2305 1
2306 98
2307 1
2308 1
2309 17
2310 1
2311 23
2312 1
2313 8
2314 2
2315 14
2316 2
2317 14508
2318 1
2319 1
2320 17
2321 5
2322 1
2323 1
2324 1
2325 1
2326 1
2327 4
2328 2
2329 2
2330 6
2331 1
2332 1
2333 9
2334 1
2335 3
2336 78
2337 1
2338 1
2339 1
2340 2
2341 4
2342 119
2343 1
2344 1
2345 1
2346 3
2347 1
2348 4
2349 3
2350 7
2351 1
2352 8
2353 1
2354 1
2355 1
2356 10
2357 24
2358 1
2359 7
2360 1
2361 8
2362 2
2363 1
2364 2
2365 1
2366 3
2367 1
2368 5
2369 1
2370 3
2371 2
2372 1
2373 1
2374 1
2375 1
2376 1
2377 1
2378 1
2379 84
2380 1
2381 2
2382 1
2383 11
2384 1
2385 5
2386 1
2387 1
2388 3
2389 1
2390 1
2391 1
2392 141
2393 2
2394 1
2395 2
2396 3
2397 2
2398 149
2399 1
2400 2
2401 1
2402 1
2403 1
2404 4
2405 1
2406 1
2407 1
2408 1
2409 1
2410 2
2411 1
2412 1
2413 1
2414 1
2415 1
2416 1
2417 1
2418 28
2419 455
2420 5
2421 3
2422 32
2423 12
2424 1
2425 2
2426 2
2427 1
2428 1
2429 1
2430 3
2431 1
2432 1
2433 2
2434 7
2435 1
2436 1
2437 5
2438 1
2439 2
2440 1
2441 1
2442 2
2443 3
2444 1
2445 1
2446 3
2447 1
2449 2
2450 605
2451 11
2452 2
2453 6
2454 376
2455 93
2456 4
2457 1
2458 14
2459 201
2460 1
2461 3
2462 1
2463 3
2464 8
2465 1
2466 4
2467 60
2468 3
2469 10
2470 1
2471 14
2472 1
2473 5
2474 14
2475 2
2476 2
2477 1
2478 1
2479 8
2480 1
2481 3
2482 1
2483 2
2484 1
2485 1
2486 6
2487 179
2488 79
2489 12
2490 1
2491 41
2492 4
2493 2
2494 1
2495 1
2496 71
2497 51
2498 1
2499 1
2500 2
2501 1
2502 7
2503 4
2504 372
2505 19
2506 2
2507 2
2508 1
2509 12
2510 6
2511 10
2512 1
2513 2
2514 2
2515 2
2516 1
2517 92
2518 1
2519 1
2520 1
2521 2
2522 1
2523 1
2524 3
2525 1
2526 1
2527 10
2528 6
2529 3
2530 20
2531 14
2532 2
2533 88
2534 6
2535 1
2536 1
2537 1
2538 1
2539 31
2540 33
2541 2
2542 1
2543 3
2544 18
2545 1
2546 2
2547 8
2548 1
2549 7
2550 1
2551 196
2552 10
2553 229
2554 13
2555 8
2556 1
2557 4
2558 1
2559 134
2560 1
2561 128
2562 57
2563 3
2564 12
2565 1
2566 1
2567 4
2568 70
2569 2733
2570 58
2571 2
2572 4
2573 2
2574 1
2575 2
2576 1
2577 1
2578 7
2579 1
2580 31
2581 1
2582 7
2583 2
2584 18
2585 8
2586 2
2587 223
2588 3
2589 1
2590 220
2591 31
2592 82
2593 32
2594 62
2595 2
2596 1
2597 1
2598 8
2599 1
2600 1
2601 1
2602 1
2603 1
2604 6
2606 1
2607 1
2608 1
2609 3
2610 6
2611 1
2612 1
2613 1
2614 7
2615 2
2616 111
2617 64
2618 1
2619 2
2620 1
2621 2
2622 21
2623 2
2624 2
2625 2
2626 2
2627 21
2628 8
2629 1
2630 2
2631 2
2632 1
2633 3
2634 46
2635 151
2636 2
2637 26
2638 1
2639 3
2640 16
2641 1
2642 16
2643 1
2644 2
2645 1
2646 1
2647 1
2648 2
2649 1
2650 3
2651 2
2652 1
2653 2
2654 1
2655 1
2656 2
2657 6
2658 1
2660 1585
2661 48
2662 2
2663 9
2664 23
2665 68
2666 92
2667 1
2668 51
2669 35
2670 3
2671 3
2672 6
2673 2
2674 1
2675 10
2676 1
2677 2
2678 1
2679 10
2680 12
2681 1
2682 9
2683 7
2684 60
2685 2
2686 5
2687 1
2688 2
2689 1
2690 1
2691 17
2692 3
2693 4
2694 7
2695 23
2696 1
2697 11
2698 5
2699 9
2700 24
2701 16
2702 2
2703 1
2704 2
2705 1
2706 1
2707 1
2708 1
2709 1
2710 3
2711 2
2712 160
2713 1
2714 1
2715 1
2716 3
2717 1
2718 1
2719 1
2720 2
2721 1
2722 5
2723 7
2724 1
2725 29
2726 5
2727 964
2728 121
2729 13
2730 278
2731 1
2732 1202
2733 4
2734 1
2735 6
2736 1
2737 2
2738 3
2739 8
2740 1
2741 6
2742 2
2743 3
2744 333
2745 2
2746 6
2747 33
2748 21
2749 30
2750 2
2751 2
2752 2
2753 5
2754 2
2755 2
2756 22
2757 62
2758 9
2759 9
2760 3
2761 59
2762 1
2763 1
2764 11
2765 9
2766 1
2767 1
2768 1
2769 2
2770 1
2771 7
2772 61
2773 147
2774 1
2775 1
2776 1
2777 2
2778 4
2779 5
2780 1
2781 1063
2782 276
2783 3
2784 2
2785 9
2786 8
2787 1
2789 822
2790 218
2791 27
2792 11
2793 169
2794 17
2795 155
2796 5
2797 15
2798 1
2799 3
2800 16
2801 7
2802 19
2803 6
2804 1
2805 61
2806 3
2807 227
2808 216
2809 25
2810 9
2811 1
2812 45
2813 5
2814 3
2815 1
2816 28
2817 1
2818 2
2819 4
2820 5368
2821 2
2822 3
2823 6
2824 224
2825 159
2826 7
2827 31
2828 10
2829 434
2830 6
2831 5
2832 4
2833 3
2834 3
2835 1
2836 65
2837 4
2838 34
2839 3
2840 3
2841 4
2842 3
2843 1
2844 3
2845 59
2846 101
2847 12
2848 1
2849 3
2850 19
2851 4
2852 1
2853 1
2854 2
2855 2
2856 9
2857 20
2858 3
2859 3
2860 7
2861 46
2862 1
2863 1
2864 4
2865 2
2866 250
2867 25
2868 1
2869 28
2870 2
2871 2
2872 1
2873 79
2874 27
2875 16
2876 3
2877 1
2878 3116
2879 119
2880 3
2881 1
2882 3
2883 3
2884 3
2885 1
2886 1
2887 11
2888 5
2889 1
2890 1
2891 14
2892 1
2893 19
2894 4
2895 14
2896 1
2897 16
2898 13
2899 4
2900 1
2901 1
2902 2
2903 121
2904 10
2905 5
2906 3
2907 2
2908 1
2909 3
2910 1
2911 6
2912 1
2913 7
2914 2
2915 9
2916 4
2917 1
2918 1
2919 2
2920 35
2921 6
2922 3
2923 1
2924 1
2925 1
2926 4
2927 1
2928 1
2929 1
2930 1
2931 46
2932 30
2933 3
2934 5
2935 1
2936 1
2937 1
2938 1
2939 1
2940 1
2941 291
2942 3
2943 4
2944 2
2945 1
2946 2
2947 2
2948 500
2949 6
2950 4
2951 1
2952 2
2953 43
2954 6
2955 102
2956 5
2957 1
2958 2
2959 2
2960 1
2961 25
2962 1
2963 2
2964 6
2965 4
2966 4
2967 2
2968 2
2969 2
2970 5
2971 20
2972 1
2973 2
2974 1
2975 3
2976 1
2977 262
2978 37
2979 11
2980 1
2981 1
2982 32
2983 5
2984 36
2985 1
2986 1
2987 1
2988 4
2989 1
2990 80
2991 18
2992 4
2993 1
2994 2
2995 1
2996 1
2997 21
2998 15
2999 17
3000 313
3001 16
3002 1
3003 5
3004 3
3005 3
3006 28
3007 1
3008 2
3009 1871
3010 10
3011 66
3012 2
3013 2
3014 1
3015 1
3016 1
3017 1
3018 1
3019 3
3020 2
3021 5
3022 1
3023 1
3024 1
3025 3
3026 1
3027 1
3028 15
3029 1
3030 13
3031 5
3032 6
3033 1
3034 9
3035 1
3036 4
3037 7
3038 13
3039 9
3040 35
3041 5
3042 1
3043 1
3044 17
3045 3
3046 11
3047 1
3048 1
3049 2
3050 2
3051 1
3052 1
3053 2
3054 1
3055 1
3056 2
3057 1
3058 5
3059 1
3060 3
3061 1
3062 1
3063 26
3064 1
3065 6
3066 5
3067 1
3068 2
3069 2
3070 48
3071 2
3072 5
3073 7355
3074 2
3075 1
3076 1
3077 1
3078 2
3079 2
3080 1
3081 2
3082 4
3083 1
3084 1
3085 1
3086 1
3087 366
3088 2
3089 2
3090 1
3091 111
3092 7
3093 1
3094 2
3095 1
3096 2
3097 7
3098 3
3099 1
3100 22
3101 68
3102 1
3103 1
3104 916
3105 1
3106 1
3107 1
3108 1
3109 1
3110 1
3111 3
3112 1
3113 1
3114 1
3115 2
3116 4
3117 2
3118 1
3119 1
3120 1
3121 2
3122 1
3123 2
3124 3
3125 1
3126 2
3127 6
3128 4
3129 5
3130 3
3131 1
3132 4
3133 10
3134 19
3135 1
3136 16
3137 3
3138 1
3139 1
3140 3
3141 80
3142 16
3143 1
3144 6
3145 1
3146 1
3147 1
3148 12
3149 1
3150 1
3151 1
3152 1
3153 1
3154 1
3155 60
3156 192
3157 6
3158 1
3159 1
3160 1
3161 1
3162 22
3163 1
3164 4
3165 39
3166 70
3167 2
3168 1
3169 6
3170 1
3171 2
3172 1
3173 10
3174 4
3175 2
3176 1
3177 272
3178 1
3179 25
3180 1
3181 7
3182 19
3183 2
3184 3
3185 1
3186 14
3187 1
3188 5
3189 3
3190 2
3191 1
3192 1
3193 10
3194 1
3195 1
3196 3
3197 1
3198 5
3199 18
3200 53
3201 12
3202 1
3203 2
3204 4
3205 72
3206 16
3207 3
3208 1
3209 1
3210 1
3211 4
3212 97
3213 8
3214 107
3215 3
3216 56
3217 1
3218 1
3219 2
3220 1
3221 1
3222 1
3223 1
3224 11
3225 5
3226 1
3227 1
3228 2
3229 1
3230 1
3231 6
3232 10
3233 5
3234 10
3235 4
3236 3
3237 1
3238 2
3239 3
3240 4
3241 3
3242 5
3243 3
3244 1
3245 1
3246 10
3247 3
3248 6
3249 7
3250 1
3251 19
3252 2
3253 1
3254 39
3255 1
3256 4
3257 7
3258 4
3259 1
3260 1
3261 1
3262 1
3263 22
3264 2
3265 2
3266 17
3267 16
3268 2
3269 10
3270 49
3271 8
3272 1
3273 10
3274 3
3275 3
3276 1
3277 2
3278 24
3279 1
3280 1
3281 1
3282 1
3283 1
3284 2
3285 27
3286 22
3287 1
3288 111
3289 1
3290 37
3291 2
3292 4
3293 2
3294 1
3295 3
3296 1
3297 1
3298 14237
3299 134
3300 225
3301 471
3302 850
3303 1
3304 14
3305 7
3306 1
3307 3
3308 3
3309 1
3310 1
3311 8605
3312 7
3313 7
3314 10
3315 2
3316 2
3317 2
3318 3
3319 63
3320 144
3321 1458
3322 1
3323 6
3324 27
3325 3
3326 5
3327 59
3328 54
3329 590
3330 1
3331 768
3332 9
3333 18
3334 3
3335 1
3336 15
3337 1
3338 9
3339 5
3340 4
3341 1
3342 15
3343 3
3344 12
3345 2
3346 1
3347 509
3348 1
3349 1
3350 1
3351 1
3352 12
3353 17
3354 10
3355 3
3356 1
3357 3
3358 19
3359 1
3360 560
3361 1
3362 17717
3363 44
3364 1
3365 1
3366 10
3367 30
3368 4
3369 527
3370 1
3371 1
3372 1
3373 243
3374 1
3375 2
3376 4
3377 1
3378 1
3379 1
3380 1
3381 1
3382 87
3383 1
3384 39
3385 14
3386 2
3387 12
3388 28
3389 3
3390 2
3391 1
3392 2
3393 2
3394 1
3395 4
3396 5
3397 2
3398 26
3399 11
3400 396
3401 1
3402 3
3403 1
3404 2
3405 5
3406 3
3407 1
3408 3
3409 2
3410 4
3411 1
3412 8
3413 3
3414 66
3415 3
3416 1
3417 1
3418 309
3419 1
3420 1
3421 3
3422 3
3423 176
3424 4
3425 70
3427 4
3428 1
3429 1
3430 1
3431 1
3432 3
3433 1
3434 1
3435 1
3436 1
3437 1
3438 1
3439 1
3440 8
3441 2
3442 4
3443 11
3444 1
3445 2
3446 14
3447 27
3448 20
3449 1
3450 24
3451 1
3452 1
3453 1
3454 14
3455 2
3456 1
3457 1
3458 2
3459 5
3460 1
3461 2
3462 1
3463 1
3464 3
3465 16
3466 5
3467 1
3468 1
3469 2
3470 17
3471 2
3472 2
3473 5
3474 1
3475 3
3476 2
3477 1
3478 12
3479 10
3480 1
3481 1
3482 8
3483 2
3484 2
3485 4
3486 58
3487 1
3488 40
3489 5
3490 1
3491 1
3492 3
3493 188
3494 43
3495 1
3496 4
3497 16
3498 5
3499 2
3500 1
3501 1
3502 1
3503 7
3504 6
3505 2
3506 1
3507 1414
3508 213
3509 5
3510 3
3511 2
3512 31
3513 8
3514 3
3515 1
3516 3131
3517 21
3518 219
3519 11
3520 74
3521 57
3522 14
3523 1
3524 1
3525 3
3526 1
3527 1
3528 55
3529 45
3530 7
3531 1
3532 1
3533 2
3534 1
3535 18
3536 1
3537 1
3538 54
3539 9
3540 5
3541 1
3542 1
3543 1
3544 3
3545 3
3546 4
3547 194
3548 253
3549 10
3550 1
3551 2
3552 2
3553 1365
3554 11
3555 7
3556 2
3557 4
3558 5
3559 1
3560 1
3561 1
3562 10
3563 3
3564 1
3565 7
3566 5
3567 2
3568 14
3569 1
3570 40
3571 5
3572 1
3573 1
3574 6
3575 8
3576 29
3577 7
3578 4
3579 15
3580 1
3581 10
3582 8
3583 22
3584 29
3585 13
3586 3
3587 12
3588 5
3589 1
3590 2
3591 4
3592 1
3593 1
3594 13
3595 4
3596 2
3597 2
3598 3
3599 12
3600 2
3601 11
3602 19
3603 7
3604 4
3605 2
3606 33
3607 1
3608 6
3609 1
3610 6
3611 11
3612 1
3613 4
3614 4
3615 2
3616 2
3617 1
3618 1
3619 3
3620 8
3621 1
3622 1
3623 18
3624 1
3625 1
3626 2
3627 86
3628 10
3629 2
3630 5
3631 77
3632 2
3633 1
3634 275
3635 1
3636 4
3637 17
3638 1
3639 1
3640 1
3641 1
3642 2
3643 24
3644 2
3645 15
3646 7
3647 8
3648 15
3649 1
3650 5
3651 2
3652 1
3653 3
3654 1
3655 1
3656 1
3657 2
3658 1
3659 2
3660 2
3661 4
3662 3
3663 5
3664 3
3665 2
3666 1
3667 1
3668 1
3669 1
3670 1
3671 1
3672 10
3673 4
3674 4
3675 1
3676 10
3677 386
3678 11
3679 1
3680 7
3681 1
3682 11
3683 39
3684 11
3685 88
3686 4
3687 1
3688 6
3689 5
3690 3
3691 1
3692 12
3693 4
3694 3
3695 8
3696 113
3697 5
3698 4
3699 9
3700 3
3701 1
3702 42
3703 17
3704 10
3705 1
3706 12
3707 5
3708 2
3709 62
3710 1
3711 4
3712 3
3713 70
3714 14
3715 1
3716 3
3717 5
3718 1
3719 6
3720 10
3721 1
3722 1
3723 21
3724 1
3725 1
3726 3
3727 40
3728 14
3729 5
3730 5
3731 21
3732 5
3733 5
3734 1
3736 2
3737 1
3738 2
3739 2
3740 2
3741 1
3742 1
3743 1
3744 1
3745 1
3746 7
3747 1
3748 2
3749 1
3750 1
3751 2
3752 3
3753 6
3754 6
3755 1
3756 1
3757 5
3758 6
3759 1
3760 1
3761 55
3762 2
3763 36
3764 1
3765 7
3766 2
3767 1
3768 4
3769 46
3770 53
3771 1
3772 4
3773 3
3774 1
3775 30
3776 4
3777 4
3778 1
3779 8
3780 10
3781 1
3782 1
3783 1
3784 10
3785 2
3786 5
3787 2
3788 1
3789 1
3790 3
3791 2
3792 1
3793 1
3794 2
3795 1
3796 2
3797 3
3798 28
3799 26
3800 3
3801 3
3802 1
3803 13
3804 7
3805 24
3806 2
3807 1
3808 7
3809 1
3810 1
3811 7
3812 1
3813 1
3814 2
3815 1
3816 1
3817 1
3818 2
3819 2
3820 1
3821 4
3822 1
3823 3
3824 4
3825 1
3826 32
3827 39
3828 1
3829 1
3830 2
3831 1
3832 6
3833 1
3834 6
3835 2
3836 12
3837 1
3838 1
3839 1
3840 1
3841 2
3842 11
3843 1
3844 1
3845 2
3846 1
3847 1
3848 2
3849 1
3850 47
3851 3
3852 58
3853 1
3854 1
3855 3
3856 15
3857 46
3858 4
3859 1
3860 3
3861 1
3862 2
3863 10
3864 4
3865 1
3866 16
3867 2
3868 10
3869 2
3870 1
3871 11
3872 30
3873 1
3874 1
3875 1
3876 20
3877 5
3878 2
3879 648
3880 680
3881 4
3882 1
3883 6
3884 4
3885 30
3886 3
3887 6
3888 4
3889 1
3890 18
3891 1
3892 3
3893 11
3894 1
3895 4
3896 1
3897 1
3898 30
3899 99
3900 42
3901 6
3902 4
3903 2
3904 11
3905 77
3906 23
3907 14
3908 12
3909 1
3910 1
3911 28
3912 1
3913 19
3914 40
3915 200
3916 13
3917 100
3918 12
3919 7
3920 26
3921 2
3922 3
3923 3
3924 4
3925 17
3926 23
3927 1
3928 3
3929 46
3930 22
3931 8
3932 17
3933 9
3934 1
3935 1
3936 3
3937 6
3938 14
3939 1
3940 19
3941 4
3942 1
3943 1
3944 1
3945 1
3946 1
3947 4
3948 1
3949 4
3950 1
3951 2
3952 1
3953 1
3954 1
3955 3
3956 11
3957 3
3958 1
3959 2
3960 6
3961 2
3962 1
3963 5
3964 1
3965 10
3966 2
3967 2
3968 1
3969 2
3970 1
3971 3
3972 1
3973 2
3974 7
3975 3
3976 2
3977 1
3978 1
3979 1
3980 1
3981 1
3982 4
3983 1
3984 1
3985 61
3986 2
3987 17
3988 41
3989 11
3990 32
3991 5
3993 2
3994 8
3995 15
3996 1
3998 16
3999 4
4000 9
4001 10
4002 4
4003 94
4004 9
4005 2
4006 1
4007 1
4008 2
4010 2
4011 3
4012 13
4013 307
4014 53
4015 2
4016 2
4017 4
4018 3
4019 1
4020 4
4021 1
4022 1
4023 39
4024 8
4025 4
4026 88
4027 2
4028 26
4029 5
4030 6
4031 4
4032 49
4033 16
4034 1
4035 4
4036 14
4037 4
4038 1
4039 143
4040 2
4041 1
4042 1
4043 20
4044 3
4045 1
4046 7
4047 1
4048 2
4050 3
4051 1
4052 1
4053 1
4054 1
4055 1
4056 36
4057 1
4058 1
4059 3
4060 1
4061 1
4062 140
4063 3
4064 4
4065 3
4066 2
4067 23
4068 1
4069 61
4070 1
4071 1
4072 2
4073 2
4074 11
4075 1
4076 2
4077 1
4078 7
4079 2
4080 4
4081 2
4082 2
4083 38
4084 1
4085 2
4086 1
4087 24
4088 1
4089 1
4090 7
4091 4
4092 2
4093 1
4094 1
4095 1
4096 37
4097 1
4098 4
4099 1
4100 1
4101 5
4102 8
4103 3
4104 26
4105 11
4106 1
4108 16
4109 5
4110 1
4111 7
4112 3
4113 1
4114 3
4115 19
4116 1
4117 15
4118 27
4119 3
4120 18
4121 2
4122 1
4123 2
4124 1
4125 4
4126 4790
4127 1
4128 5
4129 5
4130 1
4131 1
4132 2
4133 8
4134 2
4135 1
4136 2
4137 1
4138 2
4139 2
4140 1
4141 5
4142 2
4143 968
4144 17
4145 2250
4146 2
4147 6
4148 7
4149 260
4150 2
4151 3
4152 1
4153 11
4154 18
4155 1
4156 1
4157 3
4158 2603
4159 2
4160 2
4161 1
4162 16
4163 1
4164 1
4165 29
4166 2
4167 10
4168 20
4169 5
4170 45
4171 127
4172 36
4173 1
4174 6
4175 86
4176 304
4177 1
4178 1
4179 2
4180 2
4181 1
4182 1
4183 10
4184 3
4185 1
4186 1
4187 3
4188 4
4189 46
4190 30
4191 1
4192 1
4193 3
4194 2
4195 2
4196 10
4197 2
4198 5
4199 3
4200 2
4201 9
4202 4
4203 1
4204 1
4205 26
4206 399
4207 1
4208 666
4209 14
4210 695
4211 3
4212 1
4213 1
4214 1
4215 1
4216 1
4217 2
4218 1
4219 99
4220 133
4221 2
4222 33
4223 4
4224 1
4225 9
4226 2
4227 3
4228 1
4229 187
4230 1
4231 7
4232 1
4233 1
4234 1
4235 1
4236 1
4237 6
4238 11290
4239 10
4240 1
4241 72
4242 6
4243 28
4244 23
4245 5
4246 11
4247 2
4248 2112
4249 6
4250 1
4251 2
4252 1
4253 1
4254 24
4255 322
4256 5
4257 2
4258 12
4259 1
4260 3
4261 25
4262 1
4263 1
4264 2
4265 1
4266 2
4267 2
4268 1
4269 2
4270 2
4271 5
4272 16
4273 1
4274 3
4275 1
4276 1
4277 3
4278 21
4279 5
4280 2
4281 6
4282 87
4283 1
4284 2
4285 2
4286 3
4287 19
4288 2
4289 25
4290 1
4291 4
4292 1
4293 1
4294 1
4295 4
4296 11
4297 1
4298 1
4299 9
4300 3
4301 1
4302 2
4303 1
4304 1
4305 1
4306 2
4307 1
4308 1
4309 1
4310 1
4311 13
4312 1
4313 1
4314 5
4315 2
4316 1
4317 1
4318 1
4319 19
4320 4
4321 1
4322 1
4323 1
4324 7
4325 1
4326 1
4327 4
4328 2
4329 1
4330 1
4331 9
4332 1
4333 1
4334 1
4335 4
4336 2
4337 1
4338 2
4339 1
4340 13
4341 1
4342 1
4343 1
4344 1
4345 1
4346 1
4347 1
4348 2
4349 9
4350 5
4351 2
4352 1
4353 1
4354 8
4355 18
4356 47
4357 11
4358 45
4359 1
4360 1
4361 17
4362 1
4363 1
4364 1
4365 1
4366 1
4367 1
4368 1
4369 1
4370 1
4371 26
4372 1
4373 14
4374 2
4375 1
4376 1
4377 2
4378 27
4379 5
4380 1
4381 42
4382 7
4383 1
4384 278
4385 141
4386 15
4387 1
4388 27
4389 3
4390 1
4391 11
4392 4
4393 42
4394 28
4395 37
4396 2
4397 3
4398 1
4399 1
4400 2
4401 1
4402 2
4403 1
4404 1
4405 1
4406 1
4407 16
4408 2
4409 1
4410 1
4411 2
4412 5
4413 33
4414 3
4415 1
4416 8
4417 2
4418 1
4419 1
4420 1
4421 1
4422 1
4423 3
4424 1
4425 3
4426 1
4427 1
4428 3
4429 1
4430 1064
4431 1
4432 1
4433 2
4434 1
4435 4
4436 1
4437 9
4438 251
4439 3
4440 1
4441 2
4442 3
4443 1
4444 1
4445 1
4446 1
4447 4
4448 1
4449 1
4450 1
4451 1
4452 64
4453 3
4454 7
4455 3
4456 1
4457 15
4458 1
4459 15
4460 1
4461 2
4462 2
4463 2
4464 17
4465 1
4466 79
4467 2
4468 2
4469 2
4470 2
4471 1
4472 1
4473 7
4474 2
4475 2
4476 8
4477 9
4478 162
4479 31
4480 1
4481 1
4482 1
4483 1
4484 1
4485 1
4486 1
4487 1
4488 2
4489 1
4490 3
4491 1
4492 9
4493 6
4494 1
4495 6
4496 1
4497 5
4498 2
4499 7
4500 9
4501 1
4502 1
4504 12
4505 2
4506 1
4507 2
4508 2
4509 1
4510 38
4512 3
4513 9
4514 3
4515 1
4516 4
4517 1
4518 1
4519 1
4520 3
4521 16
4522 7
4523 16
4524 23
4525 1
4526 5
4527 4
4528 1
4529 1
4530 1
4531 7
4532 1
4533 6
4534 1
4535 31
4536 13
4537 10
4538 4
4539 2
4540 120
4541 1
4542 1
4543 157
4544 16
4545 3
4546 4
4547 1
4548 1
4549 1
4550 3
4551 70
4552 1
4553 8
4554 5291
4555 39
4556 7
4557 1
4558 8
4559 213
4560 4
4561 1
4562 100
4563 1
4564 1
4565 1
4566 1
4567 10
4568 1
4569 1
4570 12
4571 6
4572 43
4573 5
4574 16002
4575 1
4576 63
4577 1
4578 6
4579 4
4580 1
4581 3
4582 5
4583 1
4584 1
4585 4
4586 1
4587 2
4588 33
4589 35
4590 46
4591 1
4592 3
4593 1
4594 8
4595 3
4596 1
4597 4
4598 3
4599 2
4600 2
4601 17
4602 1
4603 98
4604 6
4605 9
4606 2
4607 1
4608 2
4609 2
4610 3
4611 1
4612 3
4613 7
4614 8
4615 202
4616 14
4617 3
4618 4
4619 1
4620 9
4621 9
4622 1
4623 3
4624 6
4625 1268
4626 8
4627 6
4628 266
4629 1
4630 1
4631 1
4632 1
4633 1
4634 2
4635 1
4636 11
4637 8
4638 2
4639 82
4640 1
4641 1
4642 1
4643 3
4644 1
4645 2
4646 2
4647 15
4648 1
4649 4
4650 812
4651 23
4652 8
4653 3
4654 1
4655 494
4656 115
4657 1
4658 1
4659 1
4660 2
4661 69
4662 37
4663 1
4664 1
4665 1
4666 15
4667 1
4668 40
4669 5
4670 5
4671 12
4672 1
4673 5
4674 2
4675 6
4676 3
4677 3
4678 1
4679 1
4680 2
4681 8
4682 10
4683 1
4684 5
4685 3
4686 2
4687 18
4688 4962
4689 101
4690 25
4691 7929
4692 258
4693 3732
4694 143
4695 1
4696 51
4697 6
4698 39
4699 3
4700 1
4701 7
4702 3
4703 1
4704 6
4705 31
4706 8
4707 5
4708 4
4709 1
4710 8
4711 1
4712 2
4713 34
4714 51
4715 4
4716 1
4717 7
4718 28
4719 1
4720 2
4721 1
4722 6
4723 11
4724 5
4725 1
4726 1
4727 8
4728 1
4729 2
4730 2
4731 2
4732 5
4733 2
4734 17
4735 1
4736 1
4737 3
4738 1
4739 1
4740 4
4741 1
4742 6
4743 4
4744 29
4745 16
4746 8
4747 1
4748 5
4749 1
4750 1
4751 1
4752 7
4753 4
4754 3
4755 3
4756 4
4757 1
4758 1
4759 2
4760 30
4761 12476
4762 35
4763 2
4764 1
4765 2
4766 29
4767 2
4768 3
4769 1
4770 2
4771 1
4772 9
4773 3
4774 7
4775 4
4776 4
4777 5
4778 2
4779 5
4780 6
4782 22
4783 1
4784 1
4785 1
4786 2
4787 8
4788 3
4789 1
4790 50
4791 3
4792 3684
4793 53
4794 5
4795 4
4796 1
4797 8
4798 2
4799 3
4800 4
4801 1
4802 73
4803 18
4804 4
4805 348
4806 1
4807 26
4808 48
4809 21
4810 2
4811 2
4812 1
4813 2
4814 1
4815 10
4816 4
4817 20
4818 2
4819 6
4820 4
4821 1
4822 2
4823 4
4824 8
4825 1
4826 2
4827 2
4828 8
4829 1
4830 58
4832 1
4833 1572
4834 131
4835 1
4836 45
4837 5
4838 1
4839 77
4840 6
4841 3
4842 2
4843 1
4844 1
4845 5
4846 9
4847 2
4848 1
4849 6
4850 2
4851 2
4852 1
4853 7
4854 4
4855 14
4856 2
4857 1
4858 2
4859 1
4860 7
4861 20
4862 1
4863 13
4864 5
4865 1
4867 1
4868 2
4869 1
4870 5
4871 1
4872 2
4873 4
4874 2
4875 1
4876 12
4877 1
4878 1
4879 9
4880 10
4881 1
4882 4
4883 250
4885 1
4886 60
4887 5
4888 4
4889 1
4890 83
4891 13
4892 3
4893 7
4894 6
4895 23
4896 1
4897 4
4898 4
4899 2
4900 2
4901 53
4902 1
4903 1
4904 4
4905 7
4906 1
4907 1
4908 4
4909 1
4910 1
4911 1
4912 5
4913 4
4914 3
4915 1
4916 4
4917 3
4918 1
4919 2
4920 1
4921 1
4922 4
4923 573
4924 11
4925 1
4926 175
4927 2
4928 72
4929 1
4930 61
4931 1
4932 30
4933 1
4934 3
4935 4
4936 5
4937 1
4938 194
4939 5
4940 3
4941 1379
4942 48
4943 464
4944 12
4945 1
4946 18
4947 3
4948 3
4949 37
4950 14
4951 1
4952 3
4954 7
4955 2560
4956 1
4957 8
4958 40
4959 4
4960 1
4961 2
4962 7
4963 2
4964 1
4965 6
4966 2
4967 1
4968 1
4969 4
4970 19
4971 8
4972 64
4973 2
4974 18
4975 1
4976 3
4977 33
4978 5
4979 1
4980 335
4981 1
4982 4
4983 1
4984 6
4985 317
4986 15
4987 6
4988 4143
4989 49
4990 1
4991 1
4992 3
4993 20
4994 2
4995 1
4996 1
4997 1
4998 3
4999 2
5000 1
5001 2
5002 3
5003 5
5004 8
5005 156
5006 16
5007 3
5008 20
5009 1
5010 5
5011 7
5012 1
5013 1
5014 4
5015 1
5016 2
5017 1
5018 13
5019 2
5020 8
5021 248
5022 2
5023 3
5024 1
5025 2
5026 1
5027 5
5028 1
5029 3
5030 3
5031 1
5032 2
5033 1
5034 14
5035 1
5036 2
5037 1
5038 3
5039 6
5040 6
5041 1
5042 5
5043 3
5044 27
5045 4
5046 4
5047 1
5048 3
5049 1
5050 1
5051 3
5052 1
5053 3
5054 5
5055 7
5056 2
5057 16
5058 1
5059 1
5060 3
5061 1
5062 4
5064 1
5065 5
5066 4
5067 2
5068 5
5069 6
5070 7
5071 1
5072 17
5073 1
5074 1
5075 2
5076 189
5077 22
5078 6
5079 24
5080 3
5081 5
5082 146
5083 15
5084 9
5085 8
5086 1
5087 25
5088 1
5089 4
5090 1
5091 1
5092 1
5093 2
5094 2
5095 2
5096 1
5097 2
5098 1
5099 2
5100 2
5101 9
5102 1
5103 25
5104 5
5106 1
5107 87
5108 166
5109 2
5110 4
5111 12
5112 2
5113 1
5114 1
5115 3
5116 6
5117 1
5118 9
5119 49
5120 2
5121 2
5122 12
5124 6
5125 3
5126 2
5127 1
5128 1
5129 1
5130 2
5131 1
5132 68
5133 52
5134 5
5135 1
5136 1
5137 1
5138 2
5139 1
5140 13
5141 5
5142 1
5143 1
5144 607
5145 9
5146 8
5147 64
5148 2
5149 6
5150 4
5151 2
5152 6
5153 16
5154 1
5155 4
5156 5
5157 4
5158 37
5159 4
5160 1929
5161 3
5162 8
5163 5
5164 1
5165 3
5166 2
5167 2
5168 4
5169 5
5170 1
5171 11
5172 3
5173 3
5175 4
5176 11
5177 3
5178 7
5179 16
5180 2
5181 1
5182 1
5183 2
5184 4
5185 2
5186 4
5187 1
5188 1
5189 6
5190 9
5191 1
5192 8
5193 1
5194 3
5195 1
5196 2
5197 36
5198 1431
5199 1
5200 36
5201 5
5202 2
5203 1
5204 1
5205 3
5206 1
5207 11
5208 2
5209 8
5210 2
5211 8
5212 1
5213 49
5214 8
5215 3
5216 2
5217 2
5218 3
5219 1
5220 2
5221 2
5222 1
5223 7
5224 3
5225 3
5226 9
5227 1
5228 2740
5229 42
5230 1
5231 19
5232 14
5233 1
5234 3
5235 15
5236 3
5237 2
5238 192
5239 1
5240 2
5241 3
5242 2
5243 30
5244 9
5245 4
5246 6
5247 1
5248 1
5249 32
5250 1
5251 85
5252 8
5253 2
5254 2
5256 1
5257 20
5258 1
5259 17
5260 1069
5261 32
5262 1
5263 30
5264 35
5265 2
5266 1
5267 3
5268 8
5269 7
5270 39
5271 88
5272 17
5273 2
5274 3
5275 1
5276 1
5277 152
5278 3
5279 2
5280 12
5281 1
5282 2
5283 1
5284 1
5285 1
5286 1
5287 13
5288 12
5289 4
5290 2
5291 9
5293 3
5294 75
5295 1
5296 5
5297 5
5298 4
5299 221
5300 1
5301 1
5302 16
5303 16
5304 12
5305 302
5306 2
5307 1
5308 1
5309 2
5310 12
5311 1
5312 1
5313 2
5314 28
5315 2
5316 1
5317 2
5318 31
5319 1
5320 12
5321 675
5322 1
5323 2
5324 1
5325 3
5326 18
5327 121
5328 17
5329 1
5330 6
5331 5
5332 4
5333 8
5334 14
5335 37
5336 1
5337 51
5339 2
5340 1
5341 2
5342 5
5343 9
5344 1
5345 2
5346 1
5347 2
5348 1
5349 2
5350 3
5351 4
5352 15
5353 2104
5354 6
5355 10
5356 1
5357 321
5358 468
5359 17
5360 12
5361 7
5362 9
5363 1
5364 1
5365 208
5366 85
5367 1
5368 868
5369 3
5370 2
5371 91
5372 5
5373 17
5374 4
5375 1
5376 1
5377 3
5378 1719
5379 5
5380 9
5381 1
5382 25
5383 3
5384 1
5385 4
5386 2
5387 9
5388 5
5389 13
5390 1
5391 9
5392 41
5393 6
5394 6
5395 1
5396 3
5397 1
5398 4
5400 2
5401 1
5402 2
5403 8
5404 2
5405 12
5406 165
5407 5
5408 1
5409 9
5410 4
5411 1
5412 9
5413 6
5414 20
5415 2
5416 21
5417 5
5418 1
5419 1
5420 2
5421 2
5422 1
5423 1
5424 8
5425 1
5427 1
5428 45
5429 1
5430 5
5431 8
5432 1
5433 1
5434 1
5435 1
5436 1
5437 12
5438 1
5439 3
5440 3
5441 3
5442 1
5443 5
5445 5
5446 30
5447 1
5448 5
5449 1
5450 3
5451 31
5452 1
5453 4
5454 3
5455 2
5456 6
5457 1
5458 6
5460 81
5461 5
5462 70
5463 8
5464 23
5465 1
5466 8
5467 1
5468 1
5469 2
5470 1
5471 6
5472 4
5473 1
5474 2
5475 10
5476 2
5477 4
5478 3
5479 1
5480 2
5481 1
5482 1
5483 2
5484 2
5485 1
5487 44
5488 11
5489 4
5490 1
5491 1
5492 1
5493 13
5494 1
5495 11
5496 1
5497 4
5498 2
5499 1
5500 1127
5501 134
5502 2
5503 1
5504 5
5505 1
5506 6
5507 1
5508 1
5509 1
5510 7
5511 2
5512 2
5513 53
5514 2
5515 54
5516 1
5517 17
5518 12
5519 1
5520 78
5521 1
5522 3
5523 9
5524 6
5525 3
5526 1
5527 1
5528 1
5529 1
5530 4
5531 1
5532 3
5533 59
5534 10
5535 515
5536 1
5537 1
5538 2
5539 1
5540 985
5541 6
5542 2
5543 24
5544 6
5545 5
5546 4
5547 10
5548 2
5549 4
5550 11
5551 1
5552 2
5553 1
5554 5
5555 5
5556 1
5557 510
5558 5
5559 48
5560 8
5561 2
5562 12
5563 11
5564 9
5565 4
5566 67
5567 6
5568 5
5569 8
5570 2
5571 2
5572 1
5573 1
5574 460
5575 4
5576 3674
5577 109
5578 1
5579 1
5580 7
5581 12
5582 8
5583 12
5584 2
5585 1
5586 25
5587 10
5588 14
5589 137
5590 1
5591 34
5592 4
5593 9
5594 11
5595 21
5596 10
5597 11
5598 6
5599 31
5600 18
5601 1
5602 1
5603 8
5604 485
5605 40
5606 2
5607 35
5608 3
5609 2
5610 1
5611 7
5612 2
5613 19
5614 5447
5615 1
5616 1
5617 12
5618 350
5619 223
5620 17
5621 275
5622 1
5623 1
5624 4
5625 32
5626 14
5627 1
5628 53
5629 37
5630 1
5631 94
5632 1
5633 8
5634 1
5635 9
5636 1
5637 65
5638 1
5639 2
5641 4
5642 1
5643 1
5644 845
5645 2
5646 102
5647 7
5648 1
5649 65
5650 3
5651 30
5652 1
5653 121
5654 1
5655 38
5656 2
5657 4
5658 1
5659 1
5660 1
5661 825
5662 45
5663 1
5664 1
5665 51
5666 1
5667 1
5668 5
5669 1
5670 1
5671 59
5672 131
5673 5
5674 2
5675 6
5676 9
5677 3
5678 30
5679 1
5680 42
5681 1
5682 1
5683 13
5684 1
5685 3
5686 1
5687 1
5688 21
5689 1
5690 2
5691 2
5692 1
5693 1
5694 10
5695 1
5696 3
5697 1
5698 4
5699 1
5700 1
5701 1
5702 47
5703 27
5704 1
5705 13
5706 14
5707 1
5708 5
5709 5
5710 2
5711 13
5712 44
5713 1
5714 1
5715 14
5716 2
5717 2
5718 4
5719 1
5720 1
5721 5
5722 1
5723 16
5724 7
5725 3
5726 1
5727 3
5728 2
5729 1
5730 1
5731 1
5732 459
5733 17
5734 6
5735 1442
5736 1
5737 2
5738 1
5739 12
5740 2
5741 3817
5742 3
5743 1
5744 21
5745 1
5746 1
5747 3
5748 672
5749 317
5750 21
5751 72
5752 1
5753 4
5754 4
5755 1
5756 2
5757 1
5758 6
5759 1
5760 1
5761 28
5762 1
5763 7
5764 4
5765 7
5766 21
5767 2
5768 17
5769 148
5770 1
5771 1
5772 2
5773 1
5774 20
5775 2
5776 6
5777 5
5778 1
5779 1
5780 12
5781 2
5782 7
5783 2
5784 2
5785 1
5786 4
5787 2
5788 7
5789 1
5790 3
5791 1
5792 4
5793 9
5794 6
5795 1
5796 121
5797 217
5798 1
5799 39
5800 2
5801 2
5802 54
5803 1
5804 1
5805 3
5806 21
5807 13
5808 3
5809 13
5810 1
5811 3
5813 2
5814 82
5815 2
5816 1
5817 1738
5818 929
5819 3
5820 3803
5821 4
5822 4
5823 164
5824 9
5825 10
5826 8
5828 7
5829 25
5830 44
5831 14254
5832 1
5833 1
5834 5
5835 2
5836 2
5837 49
5838 21
5839 7
5840 10
5841 11
5842 1
5843 15
5844 5
5845 1
5846 10
5847 53
5848 19
5849 2
5850 2
5851 41
5852 3
5853 26
5854 60
5855 2
5856 5
5857 2
5858 2
5859 3
5860 1
5861 1
5862 3
5863 26
5864 11
5865 1
5866 21
5867 24
5868 3
5869 1
5870 1
5871 2
5872 6
5873 7
5874 9
5875 3
5876 1
5877 2
5878 1
5879 34
5880 16
5881 4
5882 4
5883 10
5884 2
5885 23
5886 2
5887 2
5888 97
5889 87
5890 1
5891 11
5892 1456
5893 1
5894 1
5895 45
5896 4
5897 2
5898 2
5899 1
5900 1
5901 23
5902 4
5903 63
5904 19
5905 3033
5906 1
5907 27
5908 3
5909 256
5910 2
5911 10
5912 122
5913 18
5914 2
5915 1
5916 2
5917 1
5918 2
5919 102
5920 2
5921 9
5922 1
5923 1
5924 1
5925 2
5926 747
5927 2
5928 1
5929 9
5930 2
5931 18
5932 1
5933 2
5934 6
5935 2
5936 20
5937 5
5938 33
5939 1
5940 5
5941 5
5942 30
5943 31
5944 5
5945 31
5946 2
5947 4
5948 16
5949 4
5950 1
5951 4
5952 2
5953 2
5954 1
5955 9
5956 48
5957 225
5958 5
5959 16
5960 3
5961 109
5962 11
5963 23
5964 97
5965 69
5966 5
5967 5
5968 2
5969 16
5970 4
5971 3
5972 2
5973 92
5974 4
5975 1
5976 3
5977 1
5978 382
5979 2
5980 4
5981 1
5982 2
5983 1
5984 6
5985 5
5986 1
5987 7
5988 7
5989 1
5990 24
5991 2
5992 2
5993 2
5994 8119
5995 2
5997 81
5998 1
5999 7
6000 14
6001 3
6002 35
6003 20
6004 1067
6005 209
6006 28
6007 37
6008 16
6009 244
6010 13
6011 4
6012 3
6013 1
6014 18
6015 9
6016 26
6017 1
6018 2
6019 3
6020 1
6021 1
6022 13
6023 1
6024 2
6025 1
6027 1
6028 1
6029 4
6030 5
6031 11
6032 26
6033 167
6034 9
6035 426
6036 1
6037 3
6038 1
6039 4
6040 1
6041 4
6042 2
6043 1
6044 2
6045 37
6046 3
6047 2
6048 3
6049 2
6050 5
6051 10
6052 6
6053 1
6054 1
6055 1
6056 2
6058 14
6059 1
6060 42
6061 103
6062 4
6063 4
6064 102
6065 3
6066 4
6067 3
6068 28
6069 1
6070 1
6071 17
6072 32
6073 11
6074 4
6075 26
6076 2
6077 1
6078 12
6079 1
6080 1
6081 2
6082 53
6083 1
6084 2
6085 10
6086 4
6087 2
6088 2
6089 2
6090 1
6091 59
6092 1
6093 5
6094 2
6095 60
6096 5
6097 1
6098 347
6099 12
6100 2
6101 9
6102 1
6103 5
6104 48
6105 2
6106 14
6107 2
6108 1
6109 7
6110 2
6111 4
6112 1
6113 1
6114 4
6115 2
6116 1
6117 22
6118 3
6119 33
6120 5
6121 459
6122 50
6123 7
6124 1
6125 13
6126 5
6127 3
6128 10
6129 2
6130 4
6131 17
6132 1
6133 34
6134 2
6135 18
6136 6
6137 3
6138 12
6139 1
6140 1
6141 1
6142 1
6143 27
6144 42
6145 4
6146 1
6148 2
6149 1
6150 2
6151 10
6152 25
6153 1
6154 3
6155 3
6156 1
6157 1
6158 1
6159 1
6160 14
6161 2
6162 4
6163 5
6164 2
6165 1
6166 5
6167 5
6168 410
6169 9
6170 12
6171 3
6172 3
6173 94
6174 1
6175 1
6176 31
6177 1
6178 1
6179 1
6180 1
6181 15
6182 41
6183 1
6184 81
6185 12
6186 4
6187 1
6188 7
6189 1
6190 6
6191 575
6192 7
6193 151
6194 29
6195 2
6196 2
6197 11
6198 35
6199 2
6200 1
6201 802
6202 1
6203 2
6204 13
6205 15
6206 587
6207 493
6208 98
6209 741
6210 109
6211 1
6212 2
6213 1
6214 1
6215 1
6216 5
6217 1
6218 1
6219 1
6220 147
6221 68
6222 1
6223 9
6224 2
6225 2
6226 14
6227 1
6228 24
6229 3
6230 5
6231 6
6232 9
6233 3
6234 122
6235 19
6236 134
6237 18
6238 1
6239 3
6240 15
6242 4
6243 10
6244 1
6245 10
6246 1
6247 1
6248 1
6249 1
6250 1
6251 9
6252 1
6253 2
6254 22
6255 53
6256 6
6257 3
6258 1
6259 1
6260 1
6261 1
6262 217
6263 145
6264 4
6265 1
6266 2
6267 3
6268 1
6269 2
6270 8
6271 1
6272 18
6273 1
6274 17
6275 1
6276 1
6277 10
6278 2
6279 1
6280 5
6281 16
6282 1
6283 1399
6284 70
6285 2
6286 2
6287 8
6288 1
6289 2
6290 1
6291 3
6292 1
6293 3
6294 34
6295 1
6296 3
6297 6
6298 3
6299 3
6300 1
6301 1
6302 1
6303 3
6304 64
6305 3
6306 2
6307 2
6308 1
6309 2
6310 2
6311 7
6312 1
6313 3
6314 1
6315 14
6316 1
6317 5
6318 1
6319 1
6320 1
6321 1
6322 2
6323 6
6324 6
6325 2
6326 1606
6327 1
6328 103
6329 125
6330 17
6331 1
6332 43
6333 1
6334 3
6335 1
6336 3
6337 4
6338 2
6339 1
6340 160
6341 14
6342 2
6343 1
6344 38
6345 1
6346 1
6347 1
6348 7
6349 1
6350 1
6351 1
6352 1
6353 1
6354 7
6355 1
6356 30
6357 21
6358 2
6359 4
6360 38
6361 5
6362 1
6363 1
6364 1
6365 2
6366 1
6367 1
6368 1
6369 2
6370 3
6371 12
6372 1
6373 10
6374 1
6375 2
6376 72
6377 25
6378 2
6379 5
6380 6
6381 1
6382 17
6383 1
6384 10
6385 1
6386 6
6387 1
6388 3
6389 5
6390 71
6391 2
6392 1
6393 71
6394 590
6395 2
6396 5
6397 6
6398 3
6399 10
6400 6
6401 4
6402 109
6403 1
6404 32
6405 1
6406 7
6407 7
6408 2
6409 6
6410 4
6411 4
6412 6
6413 9
6414 2
6415 1
6416 23
6417 10
6418 4
6419 2
6420 2
6421 48
6422 2
6423 1
6424 2
6425 6
6426 5
6427 1
6428 1
6429 2
6430 1
6431 2
6432 1
6433 2
6434 16
6435 58
6436 14
6437 242
6438 2
6439 28
6440 5
6441 34
6442 1
6443 1
6444 4
6445 1
6446 1
6447 1
6448 5
6449 4
6450 1
6451 8
6452 1
6453 1
6454 1
6455 1
6456 1
6457 4
6458 4728
6459 23
6460 3
6461 1
6462 3
6463 181
6464 27
6465 41
6466 3
6467 68
6468 28
6469 3
6470 57
6471 42
6472 17
6473 2
6474 1
6475 1
6476 1
6477 1
6478 15
6479 3
6480 1
6481 11
6482 18
6483 1
6484 7
6485 35
6486 58
6487 636
6488 9
6489 126
6490 1
6491 7
6492 1
6493 35
6494 27
6495 1
6496 2
6497 5
6498 57
6499 1
6500 1
6501 2
6502 4
6503 1
6504 1
6505 1
6506 1
6507 1
6508 12
6509 2
6510 18
6511 9
6512 1
6513 9
6514 15
6515 5
6516 5
6517 4
6518 16
6519 1
6520 1
6521 41
6522 41
6523 2
6524 30
6525 4
6526 3
6527 1
6528 1
6529 9
6530 1
6531 40
6532 10
6533 48
6534 18
6535 9
6536 3
6537 5
6538 192
6539 1
6540 85
6541 2
6542 22
6543 1
6544 9
6545 11
6546 28
6547 124
6548 10
6549 11
6550 2
6551 1
6552 3
6553 899
6554 29
6555 2
6556 261
6557 294
6558 8
6559 37
6560 40
6561 77
6562 1
6563 2
6564 1
6565 1
6566 4
6567 2
6568 1
6569 1
6570 370
6572 3
6573 7
6574 1
6575 1
6576 1
6577 1
6578 2
6579 16
6580 9
6581 3
6582 3
6583 34
6584 2
6585 7
6586 3
6587 1
6588 1
6589 30
6590 8
6591 4
6592 4
6593 1
6594 1
6595 1
6596 2
6597 1
6598 9
6599 3
6600 1
6601 1
6602 1
6603 1
6604 2
6605 15
6606 2
6607 1
6608 21
6609 1
6610 6
6611 1
6612 4
6613 1
6614 3
6615 3
6616 2
6617 8
6618 1
6619 16
6620 3
6621 17
6622 5
6623 4
6624 1
6625 6
6626 14
6627 74
6628 10
6629 5
6630 6
6631 1212
6632 1
6633 3
6634 6
6635 9
6636 3
6637 29
6638 1
6639 67
6640 1
6641 273
6642 17
6643 1
6644 1
6645 5
6646 19
6647 7
6648 1
6649 12
6650 96
6651 6
6652 1
6653 2
6654 3
6655 1
6656 449
6657 80
6658 1
6659 4
6660 1
6661 37
6662 5
6663 2
6664 34
6665 84
6666 44
6667 1
6668 1
6669 26
6670 110
6671 9
6672 3
6673 4
6674 1
6675 5
6676 1
6677 6
6678 4
6679 4
6680 1
6681 8
6682 4
6683 4
6684 6
6685 3
6686 1
6687 5
6688 1
6689 1
6690 1
6691 2
6692 1
6693 4
6694 2
6695 1
6696 1
6697 1
6698 1
6699 1
6700 5
6701 2
6702 1
6704 5
6705 1
6706 4
6707 2
6708 2
6709 3
6710 1
6711 3
6712 18
6713 1
6714 17
6715 3
6716 6
6717 7
6718 2
6719 3
6720 2
6721 1
6722 4
6723 1
6724 1
6725 1
6726 1
6727 1
6728 1
6729 2
6730 3
6731 1
6732 2
6733 5
6734 2
6735 18
6736 6
6737 4
6738 1
6739 4
6740 1
6741 15
6742 1
6743 1
6744 11
6745 1
6746 1
6747 3
6748 1
6749 4
6750 79
6751 1
6752 7
6753 3
6754 7
6755 2
6756 1
6757 3
6758 3
6759 1
6760 10
6761 530
6762 19
6763 105
6764 50
6765 16
6766 13
6767 22
6768 2
6769 1
6770 2
6771 1
6772 2
6773 2
6774 30
6776 16
6777 93
6778 4
6779 1
6780 1
6781 10
6782 9
6783 10
6784 14
6785 1
6786 8
6787 4
6788 3158
6789 90
6790 54
6791 22
6792 10
6793 1382
6794 3
6795 10
6796 1
6797 2
6798 191
6799 121
6800 47
6801 36
6802 1
6803 67
6804 33
6805 28
6806 57
6807 111
6808 78
6809 148
6810 8
6811 1
6812 6
6813 37
6814 19
6815 21
6816 268
6817 17
6818 837
6819 24
6820 7
6821 3
6822 45
6823 28
6824 48
6825 7
6826 88
6827 18
6828 97
6829 51
6830 86
6831 105
6832 40
6833 52
6834 72
6835 100
6836 43
6837 53
6838 61
6839 79
6840 69
6841 51
6842 5
6843 7341
6844 3
6845 587
6846 2
6847 749
6848 16
6849 175
6850 243
6851 6
6852 79
6853 3
6854 15
6855 2
6856 151
6857 5
6858 18
6859 9
6861 3219
6862 3
6863 3
6864 10
6865 330
6866 38
6867 5
6868 2
6869 5
6870 42
6871 8
6872 2
6873 11
6874 7
6875 156
6876 1075
6877 5
6878 1
6879 1
6880 433
6881 1
6882 1
6883 1
6884 1
6885 3
6886 1
6887 1
6888 1
6889 1
6890 1
6891 1
6892 1
6893 3
6894 17
6895 1
6896 1
6897 3
6898 2
6900 1
6901 39
6902 5
6903 33
6904 1
6905 4
6906 1
6907 43
6908 2
6909 3
6910 5
6911 1
6912 6
6913 2
6914 2
6915 1
6916 1
6917 1
6918 1
6919 1
6920 1
6921 1
6922 1
6923 2
6924 1
6925 1
6926 5
6927 5
6928 25
6929 1
6930 17
6931 30
6932 1
6933 2
6934 5
6935 1
6936 1
6937 14
6938 1
6940 1
6941 1
6942 1
6943 1
6944 67
6945 73
6946 34
6947 3
6948 7
6949 2
6950 1
6951 1
6952 7
6953 2
6954 167
6955 62
6956 3
6957 88
6958 5
6959 3
6960 20
6961 1
6962 2
6963 2
6964 2
6965 205
6966 2
6967 16
6968 4
6969 1
6970 1
6971 4
6972 1
6973 10
6974 4
6975 6
6976 3
6977 1
6978 1
6979 1
6980 18
6981 3
6982 1
6983 4
6984 1
6985 1
6986 1
6987 2
6988 2
6989 8
6990 6
6991 1
6992 1
6993 581
6994 1
6995 1
6996 1
6997 4
6998 1
6999 1
7000 1
7001 3
7002 2
7003 7
7004 1
7005 1
7006 2
7007 2
7008 1
7009 5
7010 1
7011 15
7012 1
7013 1
7014 1
7015 4
7016 3
7017 13
7018 2
7019 5
7020 8
7021 1
7022 1
7023 8
7024 1
7025 2
7026 21
7027 4
7028 1
7029 1
7030 1
7031 1
7032 7
7033 1
7034 41
7035 1
7036 1
7037 2
7038 3
7039 26
7040 36
7041 1
7042 2
7043 6
7044 10
7045 1
7046 43
7047 1
7048 24
7049 2
7050 212
7051 4
7052 19
7053 7
7054 3
7055 1
7056 2
7057 1
7058 67
7059 13
7060 2
7061 1
7062 4
7063 1
7064 13
7065 11
7066 2
7067 5
7068 14
7069 4
7070 6
7071 3
7072 1
7073 1
7074 24
7075 5
7076 1
7077 1
7078 1
7079 41
7080 26
7081 1
7082 1
7083 5
7084 1
7085 1
7086 6
7087 1
7088 1
7089 1
7090 1
7091 2
7092 12
7093 8
7094 2
7095 38
7096 1
7097 3
7098 1
7099 11
7100 1
7101 3
7102 2
7103 4
7104 192
7105 15
7106 2
7107 1
7108 1
7109 20
7110 47
7111 5
7112 1
7113 2
7114 174
7115 7
7116 85
7117 1
7118 4
7119 1
7120 11
7121 1
7122 1
7123 3
7124 1
7125 1
7126 2
7127 4
7128 1
7129 1
7130 5
7131 1
7132 2
7133 3
7134 1
7135 3
7136 2
7137 2
7138 2
7139 2
7140 1
7141 1
7142 3
7143 4
7144 2
7145 32
7146 12
7147 3
7148 23
7149 1
7150 3
7151 2
7152 15
7153 1
7154 5
7155 1
7156 1
7157 1
7158 1
7159 1
7160 1
7161 3
7162 1
7163 2
7164 1
7165 1
7166 1
7167 1
7168 1
7169 1
7170 6
7171 1
7172 1
7173 2
7174 62
7175 5
7176 1
7177 22
7178 2
7179 4
7180 2
7181 6
7182 1
7183 10
7184 6
7185 1
7186 2
7187 3
7188 1
7189 2
7190 1
7191 2
7192 8
7193 8
7194 1
7195 1
7196 1
7197 2
7198 4
7199 15
7200 1
7201 2
7202 2
7203 7
7204 3
7205 207
7206 83
7207 5
7208 368
7209 4
7210 1
7211 2
7212 13
7213 1
7214 1
7215 4
7217 22
7218 1
7219 1
7220 1
7221 8
7222 27
7223 7
7224 14
7225 9
7226 13
7227 1
7228 1
7229 36
7230 3
7231 1
7232 1
7233 3
7234 1
7235 2
7236 4
7237 1
7238 1
7239 3
7240 1
7241 3
7242 2
7243 27
7244 16
7245 1
7246 1
7247 7
7248 1
7249 1
7250 1
7251 6
7252 1
7253 16
7254 1
7255 1
7256 2
7257 2
7258 1
7259 60
7260 2
7261 1
7262 1
7263 8
7264 3
7265 1
7266 75
7267 3
7268 3
7269 3
7270 1
7271 1
7272 1
7273 5
7274 3
7275 1
7276 1
7277 1
7278 1
7279 1
7280 2
7281 1
7282 1
7283 1
7284 1
7285 1
7286 1
7287 2
7288 6
7289 3
7290 10
7291 2
7292 1
7293 4
7294 14
7295 8
7296 1
7297 118
7298 35
7299 7
7300 59
7301 1
7302 1
7303 3
7304 832
7305 7
7306 11
7307 1
7308 6
7309 1
7310 1
7311 24
7312 3
7313 4
7314 1
7315 44
7316 1
7317 1
7318 1
7319 3
7320 10
7321 3
7322 6
7323 1
7324 3
7325 41
7326 1
7327 6
7328 1
7329 2
7330 1
7331 1
7332 4
7333 5
7334 1
7335 5
7336 1
7337 14
7338 1
7339 14
7340 1
7341 1
7342 6
7343 1
7344 1
7345 4
7346 2
7347 1
7348 2
7349 1
7350 1
7351 1
7352 6
7353 1
7354 3
7355 2
7356 15
7357 55
7358 222
7359 10
7360 15
7361 11
7362 9
7363 1
7364 3
7365 2
7366 1
7367 3
7368 6
7369 3
7370 1
7371 5
7372 22
7373 1
7374 3
7375 20
7376 2
7377 1
7378 82
7379 8
7380 8
7381 254
7382 68
7383 147
7384 1
7385 1
7386 1
7387 1
7388 1
7389 4
7390 3
7391 4
7392 16
7393 14
7394 15
7395 7
7396 42
7397 2
7398 1
7399 1
7400 4
7401 1
7402 1
7403 1
7404 2
7405 13
7406 3
7407 1
7408 1
7409 1
7410 13
7411 1
7412 17
7413 4
7414 5
7415 1
7416 1
7417 1
7418 1
7419 1
7420 1
7421 1
7422 1
7423 2
7424 9
7425 1
7426 1
7427 1
7428 6
7429 6
7430 3
7431 2
7432 11
7433 4
7434 2
7435 5
7436 1
7437 9
7438 1
7439 2
7440 8
7441 1
7442 2
7443 1
7444 1
7445 2
7446 1
7447 1
7448 7
7449 3
7450 3
7451 3
7452 1
7453 10
7454 1
7455 11
7456 4
7457 1
7458 1
7459 1
7460 20
7461 1
7462 1
7463 7
7464 3
7465 1
7466 3
7467 1
7468 683
7469 2
7470 5
7471 21
7472 60
7473 4
7474 1
7475 1
7476 3
7477 3
7478 1
7479 1
7480 2
7482 1
7483 3
7484 22
7485 1
7486 1
7487 54
7488 1
7489 28
7490 18
7491 6
7492 6
7493 1
7494 1
7495 1
7496 1
7497 2
7498 1
7499 1
7500 29
7501 15
7502 4
7503 1
7504 4
7505 1
7506 2
7507 1
7508 1
7509 1
7510 78
7511 1
7512 1099
7513 1
7514 3
7515 1
7516 68
7517 1
7518 1
7519 4
7520 2
7521 1
7522 5
7523 3
7524 5
7525 3
7526 1
7527 3
7528 1
7529 1
7530 2
7531 2
7532 1
7533 1
7534 1
7535 1
7536 20
7537 1
7538 5
7539 30
7540 2
7541 2
7542 4
7543 1
7544 1
7545 5
7546 1
7547 1
7548 10
7549 1
7550 3
7551 3
7552 2
7553 1
7554 1
7555 2
7556 1
7557 38
7558 16
7559 2
7560 4
7561 2
7562 2
7563 1
7564 2
7565 7
7566 2
7567 5
7568 1
7569 1
7570 1
7571 3
7572 1
7573 1
7574 6
7575 1
7576 65
7577 5
7578 3
7579 1
7580 3
7581 12
7582 1
7583 1
7584 2
7585 11
7586 1
7587 8
7588 1
7589 1
7590 1
7591 3
7592 1
7593 1
7594 3
7595 3
7596 3
7597 1
7598 55
7599 24
7600 1
7601 1
7602 1
7603 1
7604 120
7605 4
7606 1
7607 14
7608 1
7609 3
7610 1
7611 4
7612 5
7613 2
7614 1
7615 3
7616 3
7617 7
7618 1
7619 1
7620 2
7621 101
7622 12
7623 1
7624 2
7625 1
7626 28
7627 5
7628 1
7629 1
7630 3
7631 20
7632 47
7633 1
7634 1
7635 2
7636 1
7637 1
7638 1
7639 1
7640 1
7641 1
7642 4
7643 33
7644 181
7645 21
7646 10
7647 3
7648 52
7649 2
7650 1
7651 6
7652 3
7653 2
7654 1
7655 11
7656 17
7657 11
7658 1
7659 1
7660 11
7661 1
7662 1
7663 1
7664 1
7665 1
7666 1
7667 1
7668 1
7669 1
7670 1
7671 1
7672 1
7673 1
7674 5
7675 54
7676 1
7677 10
7678 5
7679 1
7680 2
7681 5
7682 19
7683 2
7684 1
7685 6
7686 10
7687 2
7688 1
7689 1
7690 7
7691 2
7692 6
7693 42
7694 1
7695 3090
7696 2
7697 1
7698 1
7699 6
7700 1
7701 20
7702 1
7703 2
7704 3
7705 8
7706 4
7707 1
7708 942
7709 1
7710 2
7711 1
7712 2
7713 7
7714 5
7715 1
7716 35
7717 3
7718 1
7719 4
7720 6
7721 1
7722 12
7723 1
7724 1
7725 18
7726 3
7727 1
7728 16
7729 2
7730 65
7731 1
7732 1
7733 2
7734 1
7735 9
7736 6
7737 2
7738 8
7739 1
7740 78
7741 13
7742 2
7743 9
7744 1
7745 7
7746 7
7747 5
7748 12
7750 1
7751 10
7752 3
7753 8
7754 26
7755 2
7756 1
7757 6
7758 2
7759 1
7760 11
7761 3
7762 3
7763 13
7764 4
7765 1
7766 2
7767 1
7768 40
7769 1
7770 7
7771 2
7772 2
7773 3
7774 2
7775 3
7776 61
7777 4
7778 1
7779 33
7780 7
7781 3
7782 1
7783 1
7784 3
7785 45
7786 2
7787 3
7788 3
7789 2
7790 6
7791 1
7792 1
7793 1
7794 14
7796 2
7797 2
7798 3
7799 1
7800 1
7801 9
7802 899
7803 26
7804 14
7805 3
7806 12
7807 2
7808 1
7809 52
7810 4
7811 1
7812 1
7813 1
7814 6
7815 2443
7816 84
7817 1
7818 205
7819 9
7820 393
7821 34
7822 8
7823 3
7824 16
7825 24
7826 1
7827 1
7828 11
7829 3
7830 1
7831 1
7832 1
7833 34
7834 1
7835 3
7836 2
7837 1
7838 21
7839 83
7840 79
7841 8
7842 1
7843 9
7844 6
7845 1
7846 5
7847 1
7848 1
7849 2
7850 2
7851 3
7852 18
7853 24
7854 3
7855 26
7856 9
7857 9
7858 19
7859 5
7860 1
7861 199
7862 1
7863 5
7864 4
7865 10
7866 6
7867 5
7868 1
7869 2
7870 1
7871 1
7872 4
7873 6
7874 3
7875 3
7876 3
7877 7
7878 38
7879 54
7880 3
7881 22
7882 2
7883 3
7884 25
7885 40
7886 1
7887 44
7888 2
7889 5
7890 1130
7891 3
7892 1
7893 1
7894 1
7895 163
7896 6
7897 1
7898 3
7899 1
7900 1
7901 4
7902 9
7903 3
7904 7
7905 1
7906 143
7907 105
7908 7
7909 3
7910 1
7911 2
7912 13
7913 142
7914 12
7915 2
7916 11
7917 1
7918 4
7919 2
7920 5
7921 4
7922 2
7923 13
7924 1
7925 3
7926 1
7927 6
7928 1
7929 1
7930 48
7931 2
7932 1
7933 16
7934 6
7935 6
7936 2
7937 8
7938 8
7939 2
7940 1
7941 2
7942 3
7943 2
7944 1
7945 4
7946 4
7947 2
7948 1
7949 2
7950 4
7951 1
7952 26
7953 10
7954 19
7955 1
7956 251
7957 2
7958 7
7959 8
7960 1161
7961 1
7962 4
7963 1
7964 1
7965 5
7967 1
7968 2
7969 1
7970 17
7971 19
7972 2
7973 1
7974 1
7975 3
7976 1
7977 1
7978 1
7979 18
7980 3
7981 1
7982 2
7983 1
7984 3
7985 2
7986 5
7987 7
7988 809
7990 6
7991 1
7992 1
7993 2
7994 1
7995 10
7996 19
7997 2
7998 1
8000 8
8001 25
8002 1
8003 1
8004 1
8005 1
8006 21
8007 8
8008 28
8009 1
8010 2
8011 185
8012 12
8013 15
8014 4
8015 1
8016 6
8017 268
8018 60
8019 6
8020 12
8021 49
8022 2
8023 1
8024 3
8025 1
8026 3
8027 2
8028 1
8029 3
8030 3
8031 143
8032 1
8033 1
8034 1
8035 1
8036 1
8037 3
8038 1
8039 2
8040 2
8041 1
8042 2
8043 1
8044 1
8045 2
8046 413
8047 74
8048 8
8049 10
8050 385
8051 21
8052 3
8053 8
8054 293
8055 39
8056 6
8057 5
8058 1
8059 1
8060 1
8061 2
8062 1
8063 2
8064 20
8065 1
8066 2
8067 2
8068 2
8069 4
8070 51
8071 1
8072 2
8073 1
8074 7
8075 464
8076 406
8077 21
8078 2
8079 1
8080 9
8081 1
8082 2
8083 1
8084 47
8085 2
8086 1
8087 2
8088 73
8089 53
8090 50
8091 2
8092 7
8093 1
8094 7
8095 2
8096 2
8097 80
8098 14
8099 2
8100 2
8101 1
8102 1
8103 2
8104 2819
8105 1
8106 21
8107 2
8108 4
8109 2
8110 4
8111 4
8112 2
8113 1
8114 4
8115 2
8116 1
8117 1
8118 3
8119 51
8120 16
8121 1
8122 50
8123 1
8124 1
8125 1
8126 15
8127 3
8128 3
8129 3
8130 1
8131 1
8132 1
8133 2
8134 1
8135 5
8136 1
8137 1
8138 1
8139 81
8140 94
8141 2
8142 2
8143 2
8144 21
8145 1
8146 2
8147 343
8148 1
8149 2
8150 206
8151 6
8152 1
8153 35
8154 1
8155 20
8156 8
8157 1
8158 4
8159 3
8160 2
8161 4
8162 440
8163 1
8164 2
8165 1
8166 202
8167 54
8168 12
8169 2
8170 2
8171 40
8172 1
8173 1
8174 4
8175 6
8176 10
8177 8
8178 1
8179 3
8180 1
8181 284
8182 358
8183 7
8184 21
8185 3
8186 1
8187 5
8188 337
8189 1
8190 114
8191 68
8192 70
8193 84
8194 54
8195 30
8196 27
8197 102
8198 12
8199 23
8200 33
8201 141
8202 40
8203 54
8204 144
8205 25
8206 104
8207 18
8208 45
8209 30
8210 2
8212 7
8213 26
8214 4
8215 53
8216 12
8217 8
8218 21
8219 373
8220 1
8221 12
8222 1
8223 1
8224 1
8225 624
8226 14
8227 7
8228 3
8229 14
8230 17
8231 4
8232 1
8233 18
8234 14
8235 1
8236 3
8237 15
8238 26
8239 57
8240 6
8241 1
8242 28
8243 1
8244 8
8245 1
8246 171
8247 125
8248 1
8249 1
8250 1
8251 3
8252 78
8253 18
8254 1
8255 1
8256 1
8257 1
8258 37
8259 2
8260 82
8261 1
8262 1
8263 3
8264 1
8265 2
8266 5
8267 3
8268 68
8269 2
8270 1
8271 4
8272 1
8273 1
8274 2
8275 1
8276 8
8277 3
8278 1
8279 1
8280 1
8281 1
8282 2
8283 2
8284 4
8285 4
8286 2
8287 2
8288 51
8289 1
8290 1
8291 1
8292 19
8293 1
8294 21
8295 4
8296 1
8297 11
8298 12
8299 1
8300 1
8301 1
8302 1
8303 1
8304 2
8305 3
8306 13
8307 3
8308 3
8309 1
8310 3
8311 1
8312 8
8313 7
8314 1
8315 18
8316 3
8317 6
8318 1
8319 1
8320 3
8321 1
8322 4
8323 8
8324 13
8325 1
8326 12
8327 13
8328 3
8329 18
8330 1
8331 1
8332 1
8333 451
8334 3
8335 1
8336 1
8337 4
8338 1
8339 2
8340 71
8341 2
8342 3
8343 1
8344 1
8345 14
8346 3
8347 1
8348 1
8349 1
8350 1
8351 1
8352 2
8353 2
8354 2
8355 3
8356 7
8357 10
8358 1
8359 1
8360 2
8361 1
8362 4
8363 8
8364 25
8365 3
8366 11
8367 1
8368 2
8369 1
8370 1
8371 1
8372 1
8373 7
8374 7
8375 1
8376 77
8377 23
8378 1
8379 2
8380 1
8381 2
8382 1
8383 4
8384 4
8385 1
8386 32
8387 1
8388 1
8389 3
8390 1
8391 2
8392 1230
8393 7
8394 302
8395 32
8396 16
8397 2
8398 6
8399 3
8400 4
8401 12
8402 2
8403 24
8404 47
8405 96
8406 3
8407 5
8408 3
8409 1
8410 2
8411 1
8412 9
8413 4
8414 2
8415 19
8416 2
8417 23
8418 2
8419 28
8420 4
8421 15
8422 2
8423 1
8424 4
8425 7
8426 2
8427 2970
8428 505
8429 35
8430 27
8431 13
8432 1
8433 11
8434 1
8435 1
8436 1
8437 1
8438 11
8439 10
8440 1
8441 2
8442 3
8443 115
8444 2
8445 1
8446 1
8447 1
8448 5
8449 1
8450 3
8451 1
8452 5
8453 23
8454 3
8455 8
8456 2
8457 1
8458 1
8459 21
8460 1
8461 1
8462 3
8463 1
8464 1
8465 6
8466 6
8467 1
8468 3
8469 30
8470 1
8471 5
8472 262
8473 90
8474 7
8475 16
8476 18
8477 38
8478 1
8479 1
8480 2
8481 1
8482 1
8483 12
8484 1
8485 1
8486 5
8487 6
8488 1
8489 1
8490 4
8491 1
8492 1
8493 1
8494 1
8495 1
8496 3
8498 1
8499 6
8500 6
8501 105
8502 4
8503 3
8504 2
8505 4
8506 5
8507 7
8508 2
8509 14
8510 4
8511 2
8512 115
8513 3
8514 9
8515 1
8516 1
8517 2
8518 115
8519 1
8520 21
8521 1
8522 50
8523 1
8524 5
8525 1
8526 6
8527 1
8528 1
8529 1
8530 2
8531 21
8532 7
8533 1
8534 447
8535 1
8536 6
8537 11
8538 4
8539 9
8540 2
8541 3
8542 1
8543 9
8544 1
8545 8
8546 2
8547 4
8548 10
8549 1
8550 1
8551 4
8552 1
8553 1
8554 1
8555 12
8556 357
8557 34
8558 1
8559 23
8560 2
8561 1
8562 1
8563 2
8564 10
8565 3
8566 1
8567 1
8568 2
8569 11
8570 1
8571 35
8572 1
8573 3
8574 2
8575 10
8576 543
8577 7
8578 1
8579 1
8580 1
8581 1
8582 1
8583 1
8584 9
8585 1
8586 1
8587 9
8588 1
8589 7
8590 2
8591 2
8592 8
8593 5
8594 3
8595 12
8596 3
8597 2
8598 10
8599 12
8600 2
8601 4
8602 4
8603 14
8604 1
8605 1
8606 2
8607 2
8608 233
8609 13
8610 2
8611 7
8612 5
8613 5
8614 1
8615 3
8616 1
8617 1
8618 1
8619 16
8620 1
8621 7
8622 2
8623 1
8624 7
8625 8
8626 1
8627 2
8628 1
8629 2
8630 6
8631 1
8632 2
8633 1
8634 19
8635 1
8636 1
8637 1
8638 1
8639 8
8640 398
8641 210
8642 4
8643 31
8644 7
8645 2
8646 10
8647 1
8648 4
8649 2
8650 4
8651 13
8652 1
8653 1
8654 2
8655 25
8656 9
8657 76
8658 36
8659 8
8660 2
8661 8
8662 116
8663 14
8664 1
8665 2
8666 1
8667 9
8668 1
8669 18
8670 25
8671 12
8672 7
8674 1
8675 34
8676 1
8677 2
8678 7
8679 50
8680 2
8681 4
8682 1
8683 5
8684 1
8685 5
8686 3
8687 29
8688 1
8689 3
8690 1
8691 2
8692 69
8693 7
8694 4
8695 7
8696 3
8697 1
8698 1
8699 1
8700 1
8701 4
8702 3
8703 1
8704 2
8705 2
8706 1
8707 1
8708 431
8709 2
8710 1
8711 14
8712 20
8713 5
8714 1
8715 1
8716 1
8717 2
8718 1
8719 3
8720 14
8721 2
8722 17
8723 6
8724 1
8725 2
8726 1
8727 2
8728 2
8729 4
8730 443
8731 2598
8732 294
8733 6
8734 258
8735 1
8736 6
8737 3
8738 3
8739 208
8740 1
8741 369
8742 1
8743 290
8744 6
8745 1
8746 5
8747 6
8748 4
8749 2
8750 3
8751 10
8752 2
8753 2
8754 2
8755 220
8756 15
8757 1
8758 32
8759 1
8760 40
8761 2
8762 2
8763 25
8764 2
8765 2
8766 3
8767 2
8768 23
8769 5
8770 4
8771 23
8772 1
8773 10
8774 1
8775 1
8776 11
8777 3
8778 1
8779 1
8780 3
8781 1
8782 1
8783 5
8784 7
8785 2
8786 6
8787 1
8788 166
8789 22
8790 1
8791 1
8792 1
8793 3
8794 1
8795 69
8796 1
8797 4
8798 74
8799 2
8800 1
8801 3
8802 1
8803 2
8804 72
8805 3
8806 9
8807 29
8808 2
8809 10
8810 58
8811 3
8812 2
8813 5
8814 1
8815 15
8816 5
8817 4
8818 378
8819 16
8820 398
8821 99
8822 121
8823 1
8824 122
8825 2
8826 71
8827 111
8828 73
8829 20
8830 110
8831 29
8832 935
8833 3
8834 3
8835 4
8836 1
8837 4
8838 1
8839 1
8840 2
8841 12
8842 1
8843 6
8844 2
8845 1
8846 1
8847 11
8848 1305
8849 24
8850 2
8851 9
8852 6
8853 19
8854 2
8855 1
8856 5
8857 1
8858 5
8859 180
8860 3
8861 1
8862 9
8863 2
8864 7
8865 1
8866 1
8867 1
8868 16
8869 37
8870 3
8871 2
8872 4
8873 4
8874 201
8875 102
8876 5
8877 4
8878 2
8879 71
8880 2
8881 1
8882 2
8883 80
8884 12
8885 3
8886 1
8887 147
8888 27
8889 3
8890 2
8891 7
8892 542
8893 1
8894 6
8895 9
8896 1
8897 2
8898 2
8899 13
8900 24
8901 6
8902 52
8903 1
8904 1
8905 1
8906 2
8907 3
8908 7871
8909 3
8910 3699
8911 1
8912 1
8913 6
8914 10
8915 71
8916 2
8917 27
8918 2
8919 2
8920 15
8921 18
8922 1
8923 5
8924 2
8925 1
8926 7
8927 6
8928 3
8929 1
8930 1
8931 2
8932 1
8933 1
8934 13
8935 19
8936 2
8937 1
8938 1
8939 2
8940 1
8941 2
8942 3
8943 3
8944 1
8945 2
8946 2
8947 6
8948 2
8949 21
8950 11
8951 2
8952 2
8953 53
8954 1
8955 1
8956 5
8957 2
8958 9
8959 66
8960 2
8961 2078
8962 20
8963 1
8964 4
8965 4
8966 2
8967 1
8968 2
8969 2
8972 2
8973 5
8974 3
8975 2
8976 2065
8977 16
8978 82
8979 12
8980 7
8981 1
8982 4
8983 5
8984 3
8985 13
8986 4
8987 1
8988 1
8989 11
8990 25
8991 2
8992 7
8993 50
8994 1
8995 12
8996 19
8997 10
8998 6
8999 3
9000 1
9001 68
9002 1
9003 2
9004 2
9005 1
9006 1
9007 1
9008 1
9009 51
9010 4
9011 4
9012 4
9013 4
9014 5
9015 1
9016 1
9017 1
9018 1
9019 48
9020 1
9021 1
9022 2
9023 3
9024 3
9025 5
9026 4
9027 11
9028 56
9029 2
9030 8
9031 11
9032 2
9033 4
9034 2
9035 1
9036 4
9037 2
9038 6
9039 1
9040 2
9041 3
9042 8
9043 5
9044 13
9045 1
9046 16
9047 4
9048 1
9049 3
9050 4
9051 101
9052 2
9053 1
9054 1
9055 41
9056 2
9057 60
9058 1
9059 1
9060 18
9061 4
9062 6
9063 7
9064 1
9065 1
9066 8
9067 1
9068 1
9069 16
9070 14
9071 19
9072 2
9073 1
9074 2
9075 1
9076 26
9077 1
9078 1
9079 1
9080 3
9081 91
9082 11
9083 3
9084 111
9085 1
9086 3
9087 11
9088 1
9089 1
9090 5
9091 12
9092 7
9093 2
9094 1
9095 26
9096 5
9097 10
9098 1
9099 3
9100 7
9101 551
9102 69
9103 6
9104 8
9105 1
9106 4
9107 28
9108 3
9109 7
9110 1
9111 9
9112 5
9113 1
9114 6
9115 2
9116 16
9117 1
9118 5
9119 16
9120 3
9121 1
9122 28
9123 30
9124 138
9125 335
9126 7
9127 15
9128 2
9130 1
9131 1
9132 1
9133 7
9134 54
9135 8
9136 2
9137 8
9138 4
9139 3
9140 2
9141 1
9142 10
9143 30
9144 3
9145 8
9146 135
9147 105
9148 1
9149 22
9150 1
9151 2
9152 2
9153 1
9154 1
9155 5
9156 2
9157 3
9158 1
9159 3
9160 1
9161 57
9162 32
9163 32
9164 10
9165 22
9166 5
9167 8
9168 25
9169 4
9170 2
9171 1
9172 4
9173 1
9174 3
9175 1
9176 2
9177 2
9178 15
9179 31
9180 1
9181 32
9182 1
9183 8
9184 2
9185 5
9186 1
9187 3
9188 145
9189 492
9190 10
9191 241
9192 176
9193 143
9194 39
9195 66
9196 1
9197 21
9198 65
9199 64
9200 54
9201 72
9202 132
9203 1
9204 5
9205 5
9206 1
9207 2
9208 3
9209 1
9210 4
9211 2
9212 3
9213 1
9214 5
9215 1
9216 1
9217 2
9218 2
9219 5
9220 1
9221 13
9222 50
9223 1
9224 1
9225 8
9226 4
9227 2
9228 1
9229 4
9230 15
9231 5
9232 1
9233 1
9234 32
9235 4
9236 2
9237 147
9238 14
9239 1
9240 1
9241 1
9242 8
9243 8
9244 3
9245 1
9246 33
9247 5
9248 1
9249 4
9250 2089
9251 578
9252 12
9253 10
9254 259
9255 1
9256 7
9257 39
9258 51
9259 16
9260 5
9261 20
9262 16
9263 3
9264 6
9265 1
9266 1
9267 1
9268 4
9269 1
9270 1
9271 10
9272 5
9273 2
9274 298
9275 143
9276 4
9277 1
9278 1121
9279 15
9280 2
9281 1
9282 4
9283 431
9284 37
9285 14
9286 1
9287 1
9288 3
9289 4
9290 450
9291 26
9292 1
9293 548
9294 22
9295 3
9296 183
9297 17295
9298 12
9299 1
9300 33
9301 2
9302 1
9303 1
9304 19
9305 22
9306 18
9307 26
9308 5
9309 3
9310 4
9311 1
9312 2
9313 1
9314 2
9315 261
9316 7
9317 274
9318 1
9319 258
9320 3
9321 178
9322 28
9323 1
9324 3
9325 3
9326 3
9327 5
9328 17
9329 8
9330 1
9331 1
9332 2
9333 5
9334 1
9335 2
9336 1
9337 3
9338 1
9339 2
9342 3
9343 4
9344 5
9345 1
9346 4
9347 1
9348 3
9349 2
9350 2
9351 1
9352 1
9353 1
9354 1
9355 1
9356 1
9357 7
9358 4
9359 2
9360 5509
9361 20
9362 2
9364 1
9365 13
9366 34
9367 2
9368 10
9369 5
9370 13
9371 32
9372 1
9373 6
9374 9
9375 5
9376 742
9378 1
9379 5
9380 266
9381 2
9382 200
9383 1
9384 6
